,close,time
0,3455.21,0
1,3443.77,86400
2,3521.91,172800
3,3519.5,259200
4,3406.99,345600
5,3168.51,432000
6,3227.19,518400
7,3192.39,604800
8,3258.57,691200
9,3203.04,777600
10,2979.74,864000
11,3027.66,950400
12,3118.28,1036800
13,3021.98,1123200
14,3040.56,1209600
15,3059.3,1296000
16,2988.06,1382400
17,3055.56,1468800
18,3101.77,1555200
19,3076.04,1641600
20,2983.58,1728000
21,2962.39,1814400
22,2933.03,1900800
23,2921.0,1987200
24,3006.62,2073600
25,2809.67,2160000
26,2888.96,2246400
27,2936.93,2332800
28,2817.13,2419200
29,2726.66,2505600
0,2824.81,2592000
1,2856.54,2678400
2,2781.7,2764800
3,2940.64,2851200
4,2747.97,2937600
5,2692.85,3024000
6,2635.34,3110400
7,2519.71,3196800
8,2228.55,3283200
9,2342.05,3369600
10,2084.99,3456000
11,1960.22,3542400
12,2009.69,3628800
13,2056.48,3715200
14,2145.29,3801600
15,2023.66,3888000
16,2090.72,3974400
17,1915.11,4060800
18,2019.55,4147200
19,1959.08,4233600
20,1975.07,4320000
21,2043.19,4406400
22,1973.32,4492800
23,1979.41,4579200
24,1942.63,4665600
25,1792.23,4752000
26,1727.27,4838400
27,1792.22,4924800
28,1813.64,5011200
29,1998.78,5097600
30,1941.9,5184000
0,1817.95,5270400
1,1834.08,5356800
2,1775.12,5443200
3,1804.58,5529600
4,1806.23,5616000
5,1859.84,5702400
6,1813.33,5788800
7,1791.88,5875200
8,1788.81,5961600
9,1662.91,6048000
10,1532.89,6134400
11,1434.84,6220800
12,1209.82,6307200
13,1208.9,6393600
14,1237.52,6480000
15,1068.5,6566400
16,1086.94,6652800
17,995.13,6739200
18,1128.53,6825600
19,1128.24,6912000
20,1125.85,6998400
21,1050.19,7084800
22,1144.72,7171200
23,1225.02,7257600
24,1242.36,7344000
25,1197.79,7430400
26,1192.51,7516800
27,1144.05,7603200
28,1100.21,7689600
29,1071.01,7776000
0,1059.73,7862400
1,1067.01,7948800
2,1074.26,8035200
3,1151.0,8121600
4,1132.5,8208000
5,1186.57,8294400
6,1237.49,8380800
7,1214.04,8467200
8,1217.02,8553600
9,1168.36,8640000
10,1096.4,8726400
11,1038.58,8812800
12,1115.0,8899200
13,1193.42,8985600
14,1231.25,9072000
15,1355.85,9158400
16,1338.65,9244800
17,1581.04,9331200
18,1542.32,9417600
19,1521.58,9504000
20,1575.45,9590400
21,1535.27,9676800
22,1548.67,9763200
23,1597.7,9849600
24,1440.79,9936000
25,1449.12,10022400
26,1635.74,10108800
27,1724.52,10195200
28,1721.68,10281600
29,1697.0,10368000
30,1678.12,10454400
0,1630.28,10540800
1,1630.91,10627200
2,1618.16,10713600
3,1607.96,10800000
4,1736.81,10886400
5,1690.6,10972800
6,1700.19,11059200
7,1777.05,11145600
8,1702.76,11232000
9,1853.57,11318400
10,1880.19,11404800
11,1958.28,11491200
12,1983.55,11577600
13,1935.31,11664000
14,1899.06,11750400
15,1876.67,11836800
16,1834.25,11923200
17,1846.39,12009600
18,1609.01,12096000
19,1576.04,12182400
20,1618.13,12268800
21,1624.66,12355200
22,1665.41,12441600
23,1656.56,12528000
24,1695.11,12614400
25,1508.18,12700800
26,1491.06,12787200
27,1426.76,12873600
28,1551.8,12960000
29,1524.59,13046400
30,1554.1,13132800
0,1586.16,13219200
1,1575.35,13305600
2,1557.46,13392000
3,1579.28,13478400
4,1617.8,13564800
5,1559.01,13651200
6,1630.0,13737600
7,1635.37,13824000
8,1718.23,13910400
9,1774.12,13996800
10,1766.11,14083200
11,1716.37,14169600
12,1574.4,14256000
13,1638.39,14342400
14,1472.75,14428800
15,1433.9,14515200
16,1468.83,14601600
17,1334.51,14688000
18,1375.98,14774400
19,1322.93,14860800
20,1245.78,14947200
21,1326.46,15033600
22,1327.25,15120000
23,1317.13,15206400
24,1294.63,15292800
25,1336.17,15379200
26,1328.02,15465600
27,1337.2,15552000
28,1335.7,15638400
29,1328.72,15724800
0,1311.79,15811200
1,1276.72,15897600
2,1323.09,15984000
3,1361.49,16070400
4,1352.2,16156800
5,1352.06,16243200
6,1331.1,16329600
7,1315.48,16416000
8,1323.13,16502400
9,1290.03,16588800
10,1280.11,16675200
11,1294.44,16761600
12,1287.08,16848000
13,1296.27,16934400
14,1274.92,17020800
15,1305.95,17107200
16,1331.4,17193600
17,1310.71,17280000
18,1285.09,17366400
19,1282.57,17452800
20,1299.75,17539200
21,1313.61,17625600
22,1364.2,17712000
23,1343.61,17798400
24,1459.74,17884800
25,1566.1,17971200
26,1514.05,18057600
27,1554.41,18144000
28,1619.55,18230400
29,1590.44,18316800
30,1572.69,18403200
0,1578.48,18489600
1,1518.34,18576000
2,1531.01,18662400
3,1644.78,18748800
4,1626.98,18835200
5,1568.29,18921600
6,1568.1,19008000
7,1334.77,19094400
8,1102.73,19180800
9,1299.28,19267200
10,1289.28,19353600
11,1257.25,19440000
12,1221.49,19526400
13,1243.28,19612800
14,1253.23,19699200
15,1216.17,19785600
16,1200.43,19872000
17,1212.58,19958400
18,1217.67,20044800
19,1142.21,20131200
20,1107.34,20217600
21,1139.6,20304000
22,1184.52,20390400
23,1203.73,20476800
24,1199.3,20563200
25,1205.6,20649600
26,1193.88,20736000
27,1167.77,20822400
28,1216.49,20908800
29,1294.46,20995200
0,1276.41,21081600
1,1295.59,21168000
2,1240.51,21254400
3,1279.41,21340800
4,1259.41,21427200
5,1271.32,21513600
6,1231.18,21600000
7,1280.18,21686400
8,1263.1,21772800
9,1266.35,21859200
10,1263.01,21945600
11,1275.4,22032000
12,1320.69,22118400
13,1307.44,22204800
14,1266.54,22291200
15,1166.83,22377600
16,1187.16,22464000
17,1183.06,22550400
18,1167.82,22636800
19,1216.94,22723200
20,1213.78,22809600
21,1217.71,22896000
22,1219.99,22982400
23,1220.41,23068800
24,1218.51,23155200
25,1228.11,23241600
26,1211.55,23328000
27,1190.15,23414400
28,1200.49,23500800
29,1199.99,23587200
30,1196.13,23673600
0,1200.34,23760000
1,1214.0,23846400
2,1214.55,23932800
3,1256.9,24019200
4,1251.24,24105600
5,1269.14,24192000
6,1264.07,24278400
7,1290.16,24364800
8,1320.39,24451200
9,1335.62,24537600
10,1389.39,24624000
11,1415.92,24710400
12,1451.2,24796800
13,1549.9,24883200
14,1552.52,24969600
15,1576.94,25056000
16,1565.57,25142400
17,1511.43,25228800
18,1551.09,25315200
19,1658.52,25401600
20,1626.66,25488000
21,1627.44,25574400
22,1626.29,25660800
23,1555.97,25747200
24,1611.94,25833600
25,1601.09,25920000
26,1597.62,26006400
27,1572.1,26092800
28,1644.72,26179200
29,1566.2,26265600
30,1585.33,26352000
0,1641.68,26438400
1,1643.12,26524800
2,1663.52,26611200
3,1666.38,26697600
4,1629.02,26784000
5,1614.29,26870400
6,1671.03,26956800
7,1650.43,27043200
8,1545.35,27129600
9,1513.06,27216000
10,1538.51,27302400
11,1514.83,27388800
12,1505.24,27475200
13,1555.71,27561600
14,1674.92,27648000
15,1637.84,27734400
16,1693.87,27820800
17,1691.62,27907200
18,1679.75,27993600
19,1703.27,28080000
20,1659.76,28166400
21,1643.14,28252800
22,1650.53,28339200
23,1607.8,28425600
24,1594.58,28512000
25,1641.36,28598400
26,1633.45,28684800
27,1605.23,28771200
0,1665.22,28857600
1,1647.86,28944000
2,1569.45,29030400
3,1566.73,29116800
4,1564.58,29203200
5,1565.84,29289600
6,1561.96,29376000
7,1532.38,29462400
8,1437.32,29548800
9,1426.44,29635200
10,1471.97,29721600
11,1580.33,29808000
12,1673.45,29894400
13,1699.4,29980800
14,1649.96,30067200
15,1673.73,30153600
16,1789.27,30240000
17,1758.84,30326400
18,1780.68,30412800
19,1732.78,30499200
20,1801.23,30585600
21,1734.33,30672000
22,1813.79,30758400
23,1749.57,30844800
24,1741.88,30931200
25,1773.88,31017600
26,1715.22,31104000
27,1772.99,31190400
28,1793.07,31276800
29,1793.61,31363200
30,1821.52,31449600
0,1820.79,31536000
1,1794.51,31622400
2,1810.51,31708800
3,1870.37,31795200
4,1908.69,31881600
5,1872.41,31968000
6,1863.72,32054400
7,1848.82,32140800
8,1858.92,32227200
9,1910.2,32313600
10,1889.86,32400000
11,1917.39,32486400
12,2012.01,32572800
13,2099.99,32659200
14,2090.6,32745600
15,2118.67,32832000
16,2074.0,32918400
17,2103.5,33004800
18,1933.73,33091200
19,1942.98,33177600
20,1848.78,33264000
21,1874.16,33350400
22,1862.0,33436800
23,1841.84,33523200
24,1866.1,33609600
25,1866.01,33696000
26,1908.68,33782400
27,1890.94,33868800
28,1907.8,33955200
29,1870.09,34041600
0,1830.73,34128000
1,1870.08,34214400
2,1905.12,34300800
3,1877.07,34387200
4,1993.3,34473600
5,1896.33,34560000
6,1870.4,34646400
7,1847.56,34732800
8,1846.52,34819200
9,1840.84,34905600
10,1794.3,34992000
11,1807.45,35078400
12,1795.11,35164800
13,1799.21,35251200
14,1816.2,35337600
15,1824.21,35424000
16,1822.12,35510400
17,1800.56,35596800
18,1812.32,35683200
19,1819.42,35769600
20,1804.91,35856000
21,1817.35,35942400
22,1854.05,36028800
23,1799.89,36115200
24,1805.6,36201600
25,1827.79,36288000
26,1829.89,36374400
27,1908.64,36460800
28,1892.6,36547200
29,1900.59,36633600
30,1873.63,36720000
0,1861.78,36806400
1,1906.68,36892800
2,1892.06,36979200
3,1890.01,37065600
4,1810.5,37152000
5,1884.64,37238400
6,1832.13,37324800
7,1845.64,37411200
8,1840.37,37497600
9,1751.53,37584000
10,1752.76,37670400
11,1742.57,37756800
12,1740.12,37843200
13,1650.95,37929600
14,1666.96,38016000
15,1717.92,38102400
16,1727.76,38188800
17,1720.95,38275200
18,1737.11,38361600
19,1791.99,38448000
20,1889.11,38534400
21,1872.01,38620800
22,1892.63,38707200
23,1874.96,38793600
24,1898.8,38880000
25,1858.97,38966400
26,1889.58,39052800
27,1828.02,39139200
28,1851.99,39225600
29,1933.79,39312000
0,1924.5,39398400
1,1937.48,39484800
2,1955.54,39571200
3,1936.2,39657600
4,1910.36,39744000
5,1846.17,39830400
6,1870.91,39916800
7,1865.24,40003200
8,1862.8,40089600
9,1880.4,40176000
10,1878.3,40262400
11,1871.82,40348800
12,2004.49,40435200
13,1937.83,40521600
14,1931.41,40608000
15,1922.11,40694400
16,1911.2,40780800
17,1897.21,40867200
18,1888.63,40953600
19,1891.59,41040000
20,1891.73,41126400
21,1866.52,41212800
22,1888.73,41299200
23,1850.0,41385600
24,1857.66,41472000
25,1872.0,41558400
26,1861.28,41644800
27,1874.19,41731200
28,1880.46,41817600
29,1861.79,41904000
30,1856.14,41990400
0,1873.47,42076800
1,1839.9,42163200
2,1835.81,42249600
3,1830.23,42336000
4,1836.48,42422400
5,1830.28,42508800
6,1829.1,42595200
7,1856.3,42681600
8,1855.35,42768000
9,1852.47,42854400
10,1848.84,42940800
11,1849.93,43027200
12,1840.73,43113600
13,1845.5,43200000
14,1828.98,43286400
15,1807.81,43372800
16,1681.49,43459200
17,1661.59,43545600
18,1669.67,43632000
19,1685.24,43718400
20,1667.55,43804800
21,1634.99,43891200
22,1679.61,43977600
23,1661.16,44064000
24,1653.8,44150400
25,1647.04,44236800
26,1658.33,44323200
27,1653.08,44409600
28,1729.42,44496000
29,1705.23,44582400
30,1645.76,44668800
0,1629.12,44755200
1,1637.03,44841600
2,1635.84,44928000
3,1630.51,45014400
4,1634.45,45100800
5,1633.15,45187200
6,1648.11,45273600
7,1636.44,45360000
8,1635.54,45446400
9,1617.42,45532800
10,1551.85,45619200
11,1592.97,45705600
12,1607.62,45792000
13,1626.47,45878400
14,1641.29,45964800
15,1634.4,46051200
16,1622.48,46137600
17,1636.66,46224000
18,1643.12,46310400
19,1622.26,46396800
20,1583.94,46483200
21,1593.08,46569600
22,1593.86,46656000
23,1580.71,46742400
24,1588.33,46828800
25,1594.01,46915200
26,1598.64,47001600
27,1652.99,47088000
28,1667.45,47174400
29,1670.89,47260800
0,1733.79,47347200
1,1662.4,47433600
2,1656.88,47520000
3,1646.58,47606400
4,1611.79,47692800
5,1645.03,47779200
6,1633.57,47865600
7,1632.84,47952000
8,1580.13,48038400
9,1567.63,48124800
10,1566.87,48211200
11,1539.61,48297600
12,1552.16,48384000
13,1554.94,48470400
14,1557.77,48556800
15,1599.42,48643200
16,1565.01,48729600
17,1563.44,48816000
18,1566.57,48902400
19,1603.89,48988800
20,1628.94,49075200
21,1663.7,49161600
22,1765.46,49248000
23,1784.98,49334400
24,1787.15,49420800
25,1803.38,49507200
26,1779.4,49593600
27,1776.2,49680000
28,1795.14,49766400
29,1809.04,49852800
30,1814.67,49939200
0,1846.99,50025600
1,1800.8,50112000
2,1832.71,50198400
3,1855.54,50284800
4,1891.71,50371200
5,1900.95,50457600
6,1885.27,50544000
7,1888.12,50630400
8,2121.32,50716800
9,2077.72,50803200
10,2053.17,50889600
11,2044.68,50976000
12,2053.65,51062400
13,1979.39,51148800
14,2058.48,51235200
15,1961.77,51321600
16,1960.82,51408000
17,1962.6,51494400
18,2011.47,51580800
19,2021.4,51667200
20,1933.01,51753600
21,2063.21,51840000
22,2062.2,51926400
23,2080.84,52012800
24,2083.09,52099200
25,2062.33,52185600
26,2027.5,52272000
27,2048.14,52358400
28,2028.81,52444800
29,2051.96,52531200
0,2087.24,52617600
1,2164.74,52704000
2,2192.95,52790400
3,2243.37,52876800
4,2293.33,52963200
5,2232.7,53049600
6,2355.73,53136000
7,2358.72,53222400
8,2340.49,53308800
9,2352.39,53395200
10,2225.12,53481600
11,2203.46,53568000
12,2260.16,53654400
13,2315.32,53740800
14,2220.5,53827200
15,2228.96,53913600
16,2196.52,54000000
17,2219.43,54086400
18,2177.91,54172800
19,2202.17,54259200
20,2239.61,54345600
21,2324.54,54432000
22,2308.2,54518400
23,2264.05,54604800
24,2271.35,54691200
25,2230.88,54777600
26,2378.35,54864000
27,2344.15,54950400
28,2299.2,55036800
29,2291.68,55123200
30,2281.87,55209600
0,2352.04,55296000
1,2355.34,55382400
2,2209.72,55468800
3,2267.11,55555200
4,2268.78,55641600
5,2240.78,55728000
6,2221.42,55814400
7,2330.44,55900800
8,2344.29,55987200
9,2584.38,56073600
10,2618.01,56160000
11,2522.54,56246400
12,2578.19,56332800
13,2472.87,56419200
14,2511.78,56505600
15,2587.4,56592000
16,2530.19,56678400
17,2470.81,56764800
18,2492.0,56851200
19,2472.01,56937600
20,2457.05,57024000
21,2314.2,57110400
22,2242.6,57196800
23,2235.02,57283200
24,2218.64,57369600
25,2267.68,57456000
26,2267.94,57542400
27,2256.9,57628800
28,2317.6,57715200
29,2343.01,57801600
30,2283.14,57888000
0,2304.28,57974400
1,2309.06,58060800
2,2296.49,58147200
3,2289.79,58233600
4,2301.83,58320000
5,2372.64,58406400
6,2425.1,58492800
7,2419.55,58579200
8,2486.56,58665600
9,2500.24,58752000
10,2507.21,58838400
11,2659.99,58924800
12,2639.99,59011200
13,2774.81,59097600
14,2822.59,59184000
15,2801.8,59270400
16,2785.93,59356800
17,2881.2,59443200
18,2944.8,59529600
19,3014.81,59616000
20,2967.9,59702400
21,2971.4,59788800
22,2922.24,59875200
23,2992.62,59961600
24,3112.59,60048000
25,3175.94,60134400
26,3242.36,60220800
27,3383.1,60307200
28,3340.09,60393600
0,3433.43,60480000
1,3421.4,60566400
2,3487.81,60652800
3,3627.76,60739200
4,3553.65,60825600
5,3818.59,60912000
6,3868.76,60998400
7,3883.36,61084800
8,3905.21,61171200
9,3878.47,61257600
10,4064.8,61344000
11,3979.96,61430400
12,4004.79,61516800
13,3881.7,61603200
14,3742.19,61689600
15,3523.09,61776000
16,3644.71,61862400
17,3520.46,61948800
18,3158.64,62035200
19,3516.53,62121600
20,3492.85,62208000
21,3336.35,62294400
22,3329.53,62380800
23,3454.98,62467200
24,3590.42,62553600
25,3587.33,62640000
26,3501.19,62726400
27,3560.49,62812800
28,3509.74,62899200
29,3505.64,62985600
30,3645.29,63072000
0,3503.8,63158400
1,3278.96,63244800
2,3310.83,63331200
3,3327.4,63417600
4,3317.85,63504000
5,3351.59,63590400
6,3454.2,63676800
7,3694.61,63763200
8,3506.39,63849600
9,3545.64,63936000
10,3502.52,64022400
11,3237.43,64108800
12,3007.01,64195200
13,3155.11,64281600
14,3101.99,64368000
15,3084.22,64454400
16,2985.41,64540800
17,3064.4,64627200
18,3056.46,64713600
19,3155.79,64800000
20,3147.67,64886400
21,3200.2,64972800
22,3219.46,65059200
23,3140.8,65145600
24,3155.8,65232000
25,3131.3,65318400
26,3255.56,65404800
27,3263.45,65491200
28,3216.73,65577600
29,3014.05,65664000
0,2972.46,65750400
1,2986.19,65836800
2,3102.61,65923200
3,3117.23,66009600
4,3136.41,66096000
5,3062.6,66182400
6,3005.69,66268800
7,2974.21,66355200
8,3036.23,66441600
9,2909.99,66528000
10,2912.45,66614400
11,2929.29,66700800
12,2950.99,66787200
13,2881.93,66873600
14,3032.55,66960000
15,2944.7,67046400
16,3092.01,67132800
17,3122.94,67219200
18,3071.19,67305600
19,3661.78,67392000
20,3789.6,67478400
21,3737.73,67564800
22,3783.61,67651200
23,3728.28,67737600
24,3749.26,67824000
25,3826.47,67910400
26,3894.22,67996800
27,3844.69,68083200
28,3767.43,68169600
29,3747.91,68256000
30,3762.29,68342400
0,3815.82,68428800
1,3780.91,68515200
2,3767.06,68601600
3,3810.23,68688000
4,3865.99,68774400
5,3813.46,68860800
6,3678.32,68947200
7,3681.57,69033600
8,3706.4,69120000
9,3667.85,69206400
10,3497.33,69292800
11,3560.12,69379200
12,3469.4,69465600
13,3481.8,69552000
14,3568.74,69638400
15,3624.41,69724800
16,3511.46,69811200
17,3483.42,69897600
18,3560.51,69984000
19,3513.08,70070400
20,3518.5,70156800
21,3495.75,70243200
22,3420.91,70329600
23,3352.73,70416000
24,3394.91,70502400
25,3371.44,70588800
26,3450.44,70675200
27,3380.15,70761600
28,3378.8,70848000
29,3438.16,70934400
0,3442.2,71020800
1,3421.35,71107200
2,3295.48,71193600
3,3059.7,71280000
4,2981.78,71366400
5,3066.83,71452800
6,2931.0,71539200
7,3019.01,71625600
8,3066.65,71712000
9,3101.05,71798400
10,3099.57,71884800
11,3133.88,71971200
12,3175.93,72057600
13,3245.08,72144000
14,3483.39,72230400
15,3444.13,72316800
16,3387.05,72403200
17,3426.5,72489600
18,3503.53,72576000
19,3517.5,72662400
20,3535.92,72748800
21,3439.6,72835200
22,3482.51,72921600
23,3335.81,73008000
24,3175.48,73094400
25,3274.61,73180800
26,3249.01,73267200
27,3270.16,73353600
28,3317.66,73440000
29,3279.21,73526400
30,3232.74,73612800
0,3203.4,73699200
1,2989.61,73785600
2,2903.64,73872000
3,2688.92,73958400
4,2419.59,74044800
5,2461.33,74131200
6,2342.8,74217600
7,2682.5,74304000
8,2598.78,74390400
9,2609.92,74476800
10,2555.38,74563200
11,2722.3,74649600
12,2702.44,74736000
13,2661.45,74822400
14,2569.89,74908800
15,2592.73,74995200
16,2614.51,75081600
17,2612.15,75168000
18,2636.36,75254400
19,2572.82,75340800
20,2630.71,75427200
21,2622.88,75513600
22,2762.48,75600000
23,2768.0,75686400
24,2746.13,75772800
25,2680.49,75859200
26,2457.33,75945600
27,2528.33,76032000
28,2527.61,76118400
29,2526.0,76204800
30,2513.01,76291200
0,2425.72,76377600
1,2538.01,76464000
2,2425.29,76550400
3,2450.71,76636800
4,2368.81,76723200
5,2225.23,76809600
6,2273.58,76896000
7,2297.3,76982400
8,2359.5,77068800
9,2388.52,77155200
10,2340.55,77241600
11,2361.76,77328000
12,2439.19,77414400
13,2417.79,77500800
14,2316.1,77587200
15,2295.68,77673600
16,2341.8,77760000
17,2374.75,77846400
18,2465.21,77932800
19,2561.4,78019200
20,2612.4,78105600
21,2581.0,78192000
22,2646.97,78278400
23,2653.2,78364800
24,2579.95,78451200
25,2632.26,78537600
26,2694.43,78624000
27,2675.21,78710400
28,2657.62,78796800
29,2602.23,78883200
0,2447.79,78969600
1,2364.1,79056000
2,2349.8,79142400
3,2414.41,79228800
4,2414.66,79315200
5,2440.03,79401600
6,2422.71,79488000
7,2440.89,79574400
8,2370.47,79660800
9,2386.49,79747200
10,2439.5,79833600
11,2476.4,79920000
12,2468.91,80006400
13,2629.79,80092800
14,2607.41,80179200
15,2611.1,80265600
16,2605.8,80352000
17,2642.17,80438400
18,2648.2,80524800
19,2746.91,80611200
20,2666.7,80697600
21,2622.81,80784000
22,2524.61,80870400
23,2535.82,80956800
24,2440.62,81043200
25,2482.51,81129600
26,2507.8,81216000
27,2567.48,81302400
28,2638.8,81388800
29,2659.19,81475200
30,2518.61,81561600
0,2511.49,81648000
1,2494.23,81734400
2,2457.73,81820800
3,2398.21,81907200
4,2422.55,81993600
5,2721.87,82080000
6,2895.47,82166400
7,2961.75,82252800
8,3126.21,82339200
9,3183.21,82425600
10,3371.59,82512000
11,3243.8,82598400
12,3187.16,82684800
13,3058.82,82771200
14,3090.01,82857600
15,3132.87,82944000
16,3076.0,83030400
17,3207.8,83116800
18,3107.44,83203200
19,3069.97,83289600
20,3355.81,83376000
21,3327.78,83462400
22,3393.91,83548800
23,3361.2,83635200
24,3414.49,83721600
25,3324.73,83808000
26,3653.28,83894400
27,3578.79,83980800
28,3592.21,84067200
29,3703.6,84153600
0,3707.61,84240000
1,3643.42,84326400
2,3614.51,84412800
3,3837.8,84499200
4,3785.2,84585600
5,3998.87,84672000
6,3996.22,84758400
7,4004.15,84844800
8,3712.0,84931200
9,3628.25,85017600
10,3831.81,85104000
11,3881.61,85190400
12,3906.8,85276800
13,3870.29,85363200
14,3959.09,85449600
15,3986.24,85536000
16,3893.01,85622400
17,3626.8,85708800
18,3417.01,85795200
19,3472.21,85881600
20,3338.92,85968000
21,3281.83,86054400
22,3422.53,86140800
23,3493.18,86227200
24,3497.0,86313600
25,3335.05,86400000
26,3333.51,86486400
27,3404.0,86572800
28,3356.48,86659200
29,3361.84,86745600
30,3337.78,86832000
0,3360.38,1734127142400
1,3455.67,1734213542400
2,3609.01,1734299942400
3,3656.88,1734386342400
4,3635.99,1734472742400
5,3687.45,1734559142400
6,3381.31,1734645542400
7,3327.29,1734731942400
8,3219.2,1734818342400
9,3267.04,1734904742400
10,3282.83,1734991142400
11,3267.3,1735077542400
12,3137.51,1735163942400
13,3225.63,1735250342400
14,3451.52,1735336742400
15,3308.05,1735423142400
16,3473.63,1735509542400
17,3307.71,1735595942400
18,3215.12,1735682342400
19,3284.0,1735768742400
20,3327.54,1735855142400
21,3242.6,1735941542400
22,3338.21,1736027942400
23,3310.09,1736114342400
24,3318.77,1736200742400
25,3232.61,1736287142400
26,3182.44,1736373542400
27,3077.72,1736459942400
28,3113.9,1736546342400
29,3247.39,1736632742400
30,3300.99,1736719142400
0,3117.54,1736805542400
1,2869.68,1736891942400
2,2879.9,1736978342400
3,2731.19,1737064742400
4,2788.25,1737151142400
5,2686.64,1737237542400
6,2622.1,1737323942400
7,2632.46,1737410342400
8,2627.18,1737496742400
9,2661.19,1737583142400
10,2602.59,1737669542400
11,2738.27,1737755942400
12,2675.87,1737842342400
13,2725.95,1737928742400
14,2693.04,1738015142400
15,2661.41,1738101542400
16,2744.05,1738187942400
17,2671.99,1738274342400
18,2715.5,1738360742400
19,2738.04,1738447142400
20,2663.0,1738533542400
21,2763.22,1738619942400
22,2819.69,1738706342400
23,2513.52,1738792742400
24,2495.7,1738879142400
25,2336.37,1738965542400
26,2307.72,1739051942400
27,2237.59,1739138342400
0,2217.39,1739224742400
1,2518.11,1739311142400
2,2149.01,1739397542400
3,2171.51,1739483942400
4,2241.59,1739570342400
5,2202.2,1739656742400
6,2141.6,1739743142400
7,2203.58,1739829542400
8,2020.41,1739915942400
9,1865.1,1740002342400
10,1923.43,1740088742400
11,1908.2,1740175142400
12,1864.59,1740261542400
13,1911.65,1740347942400
14,1937.17,1740434342400
15,1887.0,1740520742400
16,1926.31,1740607142400
17,1931.54,1740693542400
18,2056.06,1740779942400
19,1983.79,1740866342400
20,1965.75,1740952742400
21,1980.69,1741039142400
22,2005.99,1741125542400
23,2081.2,1741211942400
24,2066.15,1741298342400
25,2009.52,1741384742400
26,2003.66,1741471142400
27,1896.9,1741557542400
28,1828.08,1741643942400
29,1807.74,1741730342400
30,1822.43,1741816742400
0,1904.98,1741903142400
1,1795.22,1741989542400
2,1817.23,1742075942400
3,1816.87,1742162342400
4,1806.01,1742248742400
5,1580.76,1742335142400
6,1553.04,1742421542400
7,1473.41,1742507942400
8,1669.51,1742594342400
9,1522.25,1742680742400
10,1566.85,1742767142400
11,1644.18,1742853542400
12,1597.76,1742939942400
13,1623.77,1743026342400
14,1588.78,1743112742400
15,1577.14,1743199142400
16,1583.62,1743285542400
17,1588.6,1743371942400
18,1613.27,1743458342400
19,1587.36,1743544742400
20,1579.57,1743631142400
21,1756.26,1743717542400
22,1795.07,1743803942400
23,1769.65,1743890342400
24,1784.6,1743976742400
25,1820.88,1744063142400
26,1791.29,1744149542400
27,1799.88,1744235942400
28,1797.81,1744322342400
29,1793.61,1744408742400
0,1838.11,1744495142400
1,1842.2,1744581542400
2,1833.52,1744667942400
3,1808.86,1744754342400
4,1820.19,1744840742400
5,1817.0,1744927142400
6,1811.11,1745013542400
7,2207.39,1745099942400
8,2345.04,1745186342400
9,2583.23,1745272742400
10,2514.57,1745359142400
11,2495.47,1745445542400
12,2679.71,1745531942400
13,2609.74,1745618342400
14,2548.69,1745704742400
15,2537.12,1745791142400
16,2475.08,1745877542400
17,2497.78,1745963942400
18,2528.14,1746050342400
19,2524.19,1746136742400
20,2550.99,1746223142400
21,2664.82,1746309542400
22,2526.5,1746395942400
23,2530.4,1746482342400
24,2551.22,1746568742400
25,2563.7,1746655142400
26,2660.81,1746741542400
27,2681.6,1746827942400
28,2631.39,1746914342400
29,2531.34,1747000742400
30,2528.06,1747087142400
0,2539.21,1747173542400
1,2607.41,1747259942400
2,2593.36,1747346342400
3,2607.68,1747432742400
4,2414.01,1747519142400
5,2476.1,1747605542400
6,2524.63,1747691942400
7,2509.83,1747778342400
8,2680.13,1747864742400
9,2816.4,1747951142400
10,2771.61,1748037542400
11,2642.65,1748123942400
12,2579.19,1748210342400
13,2530.76,1748296742400
14,2547.61,1748383142400
15,2544.17,1748469542400
16,2509.95,1748555942400
17,2525.0,1748642342400
18,2521.12,1748728742400
19,2406.49,1748815142400
20,2295.73,1748901542400
21,2227.7,1748987942400
22,2411.66,1749074342400
23,2448.45,1749160742400
24,2418.49,1749247142400
25,2415.96,1749333542400
26,2423.17,1749419942400
27,2435.62,1749506342400
28,2500.09,1749592742400
29,2485.47,1749679142400
0,2405.01,1749765542400
1,2570.41,1749851942400
2,2591.25,1749938342400
3,2508.04,1750024742400
4,2516.41,1750111142400
5,2570.35,1750197542400
6,2542.29,1750283942400
7,2615.25,1750370342400
8,2768.74,1750456742400
9,2951.29,1750543142400
10,2958.22,1750629542400
11,2943.28,1750715942400
12,2972.03,1750802342400
13,3013.62,1750888742400
14,3137.89,1750975142400
15,3371.35,1751061542400
16,3476.87,1751147942400
17,3546.92,1751234342400
18,3592.01,1751320742400
19,3756.69,1751407142400
20,3762.33,1751493542400
21,3746.21,1751579942400
22,3628.29,1751666342400
23,3706.94,1751752742400
24,3724.96,1751839142400
25,3741.1,1751925542400
26,3872.1,1752011942400
27,3799.0,1752098342400
28,3793.79,1752184742400
29,3810.0,1752271142400
30,3698.39,1752357542400
0,3488.2,1752443942400
1,3393.94,1752530342400
2,3496.74,1752616742400
3,3720.99,1752703142400
4,3612.0,1752789542400
5,3683.31,1752875942400
6,3910.31,1752962342400
7,4009.5,1753048742400
8,4260.62,1753135142400
9,4250.57,1753221542400
10,4223.22,1753307942400
11,4590.52,1753394342400
12,4749.3,1753480742400
13,4546.84,1753567142400
14,4439.47,1753653542400
15,4421.99,1753739942400
16,4472.33,1753826342400
17,4312.99,1753912742400
18,4075.59,1753999142400
19,4336.16,1754085542400
20,4225.3,1754171942400
21,4832.07,1754258342400
22,4778.4,1754344742400
23,4780.15,1754431142400
24,4376.18,1754517542400
25,4600.63,1754603942400
26,4506.71,1754690342400
27,4511.21,1754776742400
28,4360.18,1754863142400
29,4373.7,1754949542400
30,4391.83,1755035942400
0,4314.5,1755122342400
1,4326.5,1755208742400
2,4450.46,1755295142400
3,4297.55,1755381542400
4,4307.45,1755467942400
5,4273.14,1755554342400
6,4306.19,1755640742400
7,4306.37,1755727142400
8,4310.09,1755813542400
9,4349.32,1755899942400
10,4458.82,1755986342400
11,4712.16,1756072742400
12,4666.53,1756159142400
13,4604.49,1756245542400
14,4523.74,1756331942400
15,4501.29,1756418342400
16,4590.53,1756504742400
17,4587.66,1756591142400
18,4468.59,1756677542400
19,4480.42,1756763942400
20,4444.97,1756850342400
21,4199.08,1756936742400
22,4164.26,1757023142400
23,4152.81,1757109542400
24,3874.36,1757195942400
25,4032.24,1757282342400
26,4018.38,1757368742400
27,4142.16,1757455142400
28,4215.07,1757541542400
29,4145.15,1757627942400
0,4348.03,1757714342400
1,4484.35,1757800742400
2,4512.87,1757887142400
3,4487.15,1757973542400
4,4514.32,1758059942400
5,4684.01,1758146342400
6,4447.7,1758232742400
7,4525.72,1758319142400
8,4368.09,1758405542400
9,3829.72,1758491942400
10,3746.79,1758578342400
11,4152.29,1758664742400
12,4240.85,1758751142400
13,4125.02,1758837542400
14,3985.61,1758923942400
15,3894.51,1759010342400
16,3831.57,1759096742400
17,3889.21,1759183142400
18,3982.58,1759269542400
19,3979.22,1759355942400
20,3873.05,1759442342400
21,3805.53,1759528742400
22,3856.8,1759615142400
23,3934.88,1759701542400
24,3953.82,1759787942400
25,4158.46,1759874342400
26,4120.15,1759960742400
27,3979.2,1760047142400
28,3902.99,1760133542400
29,3805.09,1760219942400
30,3847.99,1760306342400
0,3873.77,1760392742400
1,3906.58,1760479142400
2,3603.83,1760565542400
3,3287.05,1760651942400
4,3424.29,1760738342400
5,3315.14,1760824742400
6,3436.05,1760911142400
7,3401.51,1760997542400
8,3583.46,1761083942400
9,3567.85,1761170342400
10,3417.76,1761256742400
11,3414.92,1761343142400
12,3231.54,1761429542400
13,3112.4,1761515942400
14,3167.88,1761602342400
15,3095.29,1761688742400
16,3031.44,1761775142400
17,3123.66,1761861542400
18,3025.48,1761947942400
19,2834.22,1762034342400
20,2765.85,1762120742400
21,2770.12,1762207142400
22,2802.16,1762293542400
23,2953.38,1762379942400
24,2959.36,1762466342400
25,3026.56,1762552742400
26,3015.23,1762639142400
27,3031.15,1762725542400
28,2989.16,1762811942400
29,2991.26,1762898342400
0,2799.07,1762984742400
1,2996.07,1763071142400
2,3188.36,1763157542400
3,3133.26,1763243942400
4,3021.78,1763330342400
5,3038.06,1763416742400
6,3059.85,1763503142400
7,3124.16,1763589542400
8,3318.04,1763675942400
9,3324.14,1763762342400
10,3237.39,1763848742400
11,3084.86,1763935142400
12,3114.64,1764021542400
13,3063.5,1764107942400
14,2964.85,1764194342400
15,2962.3,1764280742400
16,2833.49,1764367142400
17,2828.57,1764453542400
18,2979.5,1764539942400
19,2977.93,1764626342400
20,3002.02,1764712742400
21,3009.49,1764799142400
22,2965.02,1764885542400
23,2947.47,1764971942400
24,2903.95,1765058342400
25,2927.99,1765144742400
26,2949.05,1765231142400
27,2950.91,1765317542400
28,2937.9,1765403942400
29,2973.69,1765490342400
30,2971.64,1765576742400
