,close,time,volume
0,1.165,0,191221298.9
1,1.155,86400,107106263.9
2,1.186,172800,78660058.3
3,1.212,259200,253235570.3
4,1.171,345600,108831679.5
5,1.052,432000,206766772.7
6,1.089,518400,99287570.5
7,1.024,604800,88048109.3
8,1.045,691200,49693999.1
9,1.027,777600,51995282.7
10,0.92,864000,159034131.6
11,0.955,950400,115179052.5
12,0.974,1036800,83269578.6
13,0.933,1123200,84093379.2
14,0.956,1209600,42541809.7
15,0.951,1296000,36809858.4
16,0.914,1382400,42819442.0
17,0.937,1468800,118870539.6
18,0.952,1555200,75432689.7
19,0.937,1641600,93644303.6
20,0.91,1728000,105007978.4
21,0.906,1814400,82391016.7
22,0.886,1900800,34559067.5
23,0.886,1987200,49191017.0
24,0.8974,2073600,171944524.5
25,0.8259,2160000,176710067.0
26,0.8401,2246400,148780516.9
27,0.8432,2332800,134885232.9
28,0.8048,2419200,139320128.3
29,0.7556,2505600,147364161.34
0,0.7895,2592000,137793227.3
1,0.7809,2678400,128907016.8
2,0.7711,2764800,96429722.5
3,0.8985,2851200,256649760.0
4,0.7884,2937600,364970629.3
5,0.7832,3024000,244058670.2
6,0.7604,3110400,126808896.0
7,0.7403,3196800,175139530.39
8,0.6019,3283200,472342566.94
9,0.6286,3369600,436850308.6
10,0.5187,3456000,623456066.51
11,0.4733,3542400,815465798.46
12,0.529,3628800,458070252.8
13,0.5372,3715200,253441055.6
14,0.5981,3801600,195264575.4
15,0.5569,3888000,280903516.1
16,0.5778,3974400,178084619.6
17,0.5059,4060800,203077123.9
18,0.5334,4147200,205816006.7
19,0.5162,4233600,174293262.6
20,0.5286,4320000,85487336.0
21,0.5416,4406400,104514258.8
22,0.5134,4492800,189427959.8
23,0.5219,4579200,170905795.6
24,0.5146,4665600,133554250.3
25,0.4789,4752000,243664954.1
26,0.4566,4838400,268406015.6
27,0.4646,4924800,105935970.4
28,0.482,5011200,88626528.9
29,0.5698,5097600,259278313.4
30,0.6268,5184000,663619489.7
0,0.5516,5270400,355477399.6
1,0.5871,5356800,306125734.2
2,0.56,5443200,206257910.9
3,0.5665,5529600,108779268.9
4,0.5674,5616000,95277593.6
5,0.6091,5702400,341502376.8
6,0.6141,5788800,338812294.7
7,0.6408,5875200,394267374.7
8,0.6323,5961600,192310885.5
9,0.5744,6048000,272263844.1
10,0.554,6134400,300758115.7
11,0.4904,6220800,397530507.9
12,0.4644,6307200,761583537.4
13,0.4831,6393600,609069303.4
14,0.5348,6480000,628287744.0
15,0.4762,6566400,360176076.1
16,0.4872,6652800,221261441.4
17,0.4549,6739200,383466178.7
18,0.4848,6825600,304390171.7
19,0.4915,6912000,309797825.1
20,0.4813,6998400,269304587.0
21,0.4594,7084800,203592970.7
22,0.48,7171200,160787911.2
23,0.4981,7257600,241562561.8
24,0.4984,7344000,142417111.7
25,0.4899,7430400,211856675.9
26,0.4856,7516800,157303921.4
27,0.4694,7603200,163559982.8
28,0.4662,7689600,166130162.2
29,0.4599,7776000,212174584.9
0,0.4487,7862400,182788187.1
1,0.4559,7948800,109165380.7
2,0.4561,8035200,90832805.9
3,0.4695,8121600,196991430.2
4,0.4571,8208000,171538047.7
5,0.4623,8294400,139221841.0
6,0.4776,8380800,142206515.1
7,0.4661,8467200,170807637.3
8,0.478,8553600,100774030.7
9,0.4624,8640000,115262368.1
10,0.4347,8726400,162045832.1
11,0.4171,8812800,139595801.6
12,0.4383,8899200,265120837.4
13,0.4416,8985600,208166850.3
14,0.4421,9072000,187707381.7
15,0.4578,9158400,147996093.0
16,0.4478,9244800,153582187.8
17,0.4904,9331200,383712607.4
18,0.5152,9417600,386358308.6
19,0.491,9504000,389779718.7
20,0.4993,9590400,261898181.1
21,0.4828,9676800,200329666.4
22,0.517,9763200,199660186.4
23,0.512,9849600,233306136.5
24,0.4752,9936000,200850290.9
25,0.4677,10022400,213068947.5
26,0.5111,10108800,290166822.0
27,0.513,10195200,306444781.5
28,0.5218,10281600,320668702.7
29,0.5263,10368000,271896568.2
30,0.5161,10454400,174783511.5
0,0.5124,10540800,158798003.7
1,0.4963,10627200,182796003.4
2,0.5005,10713600,124963960.7
3,0.4997,10800000,102892954.2
4,0.5174,10886400,112189883.6
5,0.5112,10972800,78090180.3
6,0.5276,11059200,111026235.8
7,0.5371,11145600,161524833.4
8,0.5129,11232000,143030490.2
9,0.5374,11318400,168972340.2
10,0.5303,11404800,155468308.4
11,0.5402,11491200,106913181.8
12,0.5593,11577600,193063122.5
13,0.5695,11664000,236011611.2
14,0.5499,11750400,190761668.9
15,0.557,11836800,146450653.2
16,0.5384,11923200,234245028.0
17,0.5119,12009600,132313932.3
18,0.45,12096000,328230521.1
19,0.4508,12182400,211122393.3
20,0.4626,12268800,169047210.7
21,0.4615,12355200,189193918.6
22,0.4658,12441600,124261125.9
23,0.4578,12528000,103361101.6
24,0.4645,12614400,119929958.0
25,0.4316,12700800,375988353.5
26,0.4499,12787200,188501508.5
27,0.4293,12873600,131217761.8
28,0.4504,12960000,144932469.0
29,0.4531,13046400,153120426.8
30,0.4462,13132800,115611898.1
0,0.4575,13219200,126696718.0
1,0.4543,13305600,106798749.5
2,0.4803,13392000,182225091.7
3,0.5035,13478400,199924106.3
4,0.4984,13564800,141753954.4
5,0.4625,13651200,233944338.0
6,0.4787,13737600,139305299.9
7,0.479,13824000,113848178.5
8,0.5022,13910400,179504511.2
9,0.5121,13996800,194060696.5
10,0.5098,14083200,129240731.5
11,0.5012,14169600,168685217.5
12,0.4635,14256000,232872260.6
13,0.4809,14342400,139528796.3
14,0.4662,14428800,131971420.4
15,0.4746,14515200,102993446.9
16,0.4859,14601600,100281140.5
17,0.4477,14688000,128727598.1
18,0.4527,14774400,182324362.8
19,0.4422,14860800,107529839.9
20,0.4389,14947200,285433830.3
21,0.4584,15033600,155204297.3
22,0.4618,15120000,210001077.3
23,0.4511,15206400,122469926.2
24,0.4464,15292800,112039917.9
25,0.4473,15379200,125876450.8
26,0.4411,15465600,148327423.1
27,0.4361,15552000,126497310.3
28,0.4381,15638400,120381859.1
29,0.4347,15724800,120942156.5
0,0.43,15811200,61750878.7
1,0.4194,15897600,79897439.7
2,0.4276,15984000,97901531.3
3,0.4355,16070400,89193827.3
4,0.4309,16156800,86070134.7
5,0.4288,16243200,87385034.1
6,0.424,16329600,85765776.0
7,0.4219,16416000,57044040.1
8,0.423,16502400,50765905.1
9,0.4012,16588800,108015329.8
10,0.3908,16675200,157186233.63
11,0.3814,16761600,100681651.0
12,0.3768,16848000,269611367.28
13,0.3667,16934400,135534544.8
14,0.3641,17020800,62954187.6
15,0.3703,17107200,61182203.2
16,0.3723,17193600,66215062.2
17,0.3624,17280000,95363501.1
18,0.3497,17366400,92329214.7
19,0.3402,17452800,111680559.0
20,0.3492,17539200,127159385.38
21,0.3513,17625600,71962552.0
22,0.3621,17712000,85104357.9
23,0.3573,17798400,92438606.2
24,0.4,17884800,319472649.0
25,0.403,17971200,197702684.6
26,0.3884,18057600,170796279.1
27,0.4044,18144000,139227634.2
28,0.42,18230400,200912371.4
29,0.4056,18316800,117123022.0
30,0.4055,18403200,122659161.8
0,0.4011,18489600,88819285.6
1,0.3856,18576000,168322996.7
2,0.3895,18662400,90983702.8
3,0.4216,18748800,233382097.9
4,0.4264,18835200,165672546.7
5,0.4021,18921600,112501696.2
6,0.4041,19008000,138637231.9
7,0.3722,19094400,379698137.7
8,0.3175,19180800,397998672.0
9,0.3687,19267200,361917813.6
10,0.3556,19353600,191115121.1
11,0.3397,19440000,118816381.9
12,0.3298,19526400,146747692.7
13,0.3323,19612800,180688535.9
14,0.3373,19699200,103952732.7
15,0.332,19785600,102897046.5
16,0.325,19872000,75533614.5
17,0.326,19958400,80892957.7
18,0.328,20044800,49281576.1
19,0.312,20131200,87909126.7
20,0.3046,20217600,162743368.09
21,0.3126,20304000,119265124.3
22,0.3185,20390400,130172804.6
23,0.3163,20476800,77452139.6
24,0.3146,20563200,81668650.3
25,0.3138,20649600,66377188.0
26,0.3126,20736000,50910598.2
27,0.3066,20822400,118919688.1
28,0.3092,20908800,63045432.9
29,0.3187,20995200,103696273.3
0,0.3145,21081600,69894876.1
1,0.3191,21168000,62310109.4
2,0.3196,21254400,88483029.8
3,0.3221,21340800,58073868.4
4,0.3193,21427200,68934870.6
5,0.3183,21513600,54889434.1
6,0.3102,21600000,80392338.0
7,0.3145,21686400,55078149.3
8,0.3118,21772800,50246553.9
9,0.3126,21859200,23073305.7
10,0.3074,21945600,38521495.3
11,0.3069,22032000,59718587.9
12,0.3142,22118400,125438617.5
13,0.3079,22204800,91418405.6
14,0.3003,22291200,88292967.3
15,0.2632,22377600,218355848.5
16,0.2672,22464000,164203460.7
17,0.2659,22550400,90386512.2
18,0.2529,22636800,109679881.16
19,0.2587,22723200,79578969.4
20,0.2534,22809600,93178931.7
21,0.2566,22896000,78100191.4
22,0.2594,22982400,74119327.5
23,0.2592,23068800,32054310.5
24,0.2591,23155200,46627019.2
25,0.2652,23241600,61775474.3
26,0.2603,23328000,59557924.7
27,0.2482,23414400,115688916.7
28,0.244,23500800,119235796.6
29,0.2458,23587200,77783257.0
30,0.2458,23673600,66923069.1
0,0.2499,23760000,49487029.5
1,0.2538,23846400,75458284.6
2,0.2529,23932800,71671057.1
3,0.2678,24019200,148810996.5
4,0.2692,24105600,81943632.6
5,0.2786,24192000,171198727.6
6,0.2768,24278400,72623368.2
7,0.2974,24364800,196047722.8
8,0.3168,24451200,405177005.9
9,0.3222,24537600,184082448.1
10,0.323,24624000,144048586.5
11,0.3293,24710400,248440812.5
12,0.3456,24796800,150546494.0
13,0.3525,24883200,288977177.5
14,0.3507,24969600,132983094.3
15,0.3504,25056000,156864828.5
16,0.3455,25142400,101591352.2
17,0.3264,25228800,170018857.2
18,0.3379,25315200,80228314.7
19,0.3652,25401600,130767450.6
20,0.3687,25488000,228951787.0
21,0.3764,25574400,205382044.0
22,0.375,25660800,168920181.8
23,0.3587,25747200,111749419.5
24,0.3732,25833600,125501560.2
25,0.3796,25920000,152020632.1
26,0.3898,26006400,112713613.3
27,0.3819,26092800,119208593.2
28,0.3975,26179200,102929204.6
29,0.3725,26265600,134336665.0
30,0.3902,26352000,156301183.0
0,0.397,26438400,162998963.9
1,0.3981,26524800,179215658.3
2,0.4038,26611200,112231580.7
3,0.3994,26697600,69665961.0
4,0.3923,26784000,104454046.0
5,0.3823,26870400,110247851.9
6,0.3989,26956800,107246776.8
7,0.3942,27043200,92872527.4
8,0.3622,27129600,151503834.4
9,0.3581,27216000,104289819.1
10,0.3684,27302400,55904954.9
11,0.3641,27388800,57416092.2
12,0.3593,27475200,114427322.0
13,0.3867,27561600,156990175.9
14,0.419,27648000,151591225.3
15,0.3874,27734400,174768994.0
16,0.4033,27820800,123524213.6
17,0.406,27907200,89590271.5
18,0.3995,27993600,98181230.1
19,0.4038,28080000,116906377.7
20,0.3925,28166400,119823429.0
21,0.3888,28252800,123152287.0
22,0.3824,28339200,81228997.5
23,0.3658,28425600,136530140.7
24,0.362,28512000,93356389.8
25,0.3691,28598400,62253729.4
26,0.3647,28684800,71396733.7
27,0.3517,28771200,76748794.6
0,0.3601,28857600,67671797.7
1,0.3504,28944000,81854576.8
2,0.3431,29030400,163025922.0
3,0.3366,29116800,56432771.9
4,0.337,29203200,53269370.7
5,0.3305,29289600,72882197.2
6,0.3306,29376000,99209654.5
7,0.3175,29462400,110501100.5
8,0.3101,29548800,191520024.2
9,0.3149,29635200,184446629.2
10,0.3051,29721600,174341847.2
11,0.3298,29808000,148391745.7
12,0.3433,29894400,290767932.5
13,0.3429,29980800,243189873.1
14,0.3241,30067200,262199199.5
15,0.3249,30153600,148328841.2
16,0.3494,30240000,171206542.3
17,0.3371,30326400,160274762.9
18,0.3448,30412800,93233157.9
19,0.3321,30499200,124374313.8
20,0.3696,30585600,288467612.6
21,0.3596,30672000,342137114.0
22,0.3715,30758400,185937483.6
23,0.3596,30844800,112029219.9
24,0.3514,30931200,83603550.1
25,0.3557,31017600,91774166.9
26,0.3455,31104000,127210336.6
27,0.3681,31190400,133375435.6
28,0.3811,31276800,190013782.5
29,0.3761,31363200,147101987.5
30,0.3989,31449600,250714301.7
0,0.3919,31536000,128780899.9
1,0.3815,31622400,102432795.5
2,0.3872,31708800,234427391.6
3,0.3894,31795200,121167900.7
4,0.3923,31881600,92815719.6
5,0.3829,31968000,91098737.9
6,0.3835,32054400,50141413.5
7,0.3853,32140800,61444908.5
8,0.3894,32227200,51708973.8
9,0.3971,32313600,76308355.7
10,0.4014,32400000,143695491.1
11,0.4047,32486400,138821237.2
12,0.4251,32572800,173707588.7
13,0.4381,32659200,235318719.5
14,0.4522,32745600,178424508.6
15,0.4513,32832000,117211504.6
16,0.4341,32918400,144412169.8
17,0.4435,33004800,99428283.1
18,0.4163,33091200,193374494.9
19,0.4007,33177600,161012857.5
20,0.3824,33264000,158842754.2
21,0.3956,33350400,86625445.5
22,0.3886,33436800,82034708.6
23,0.3835,33523200,104338226.4
24,0.3945,33609600,97446645.9
25,0.4014,33696000,189713316.3
26,0.4101,33782400,154240599.8
27,0.4043,33868800,76492344.4
28,0.4024,33955200,42315743.6
29,0.3956,34041600,75755751.4
0,0.3868,34128000,99050070.7
1,0.3916,34214400,62002108.1
2,0.394,34300800,102351994.9
3,0.3873,34387200,57027491.2
4,0.3942,34473600,77772750.3
5,0.3787,34560000,85459030.9
6,0.376,34646400,54439977.1
7,0.3653,34732800,137827919.2
8,0.3633,34819200,78130879.7
9,0.3693,34905600,150971765.6
10,0.3598,34992000,98458703.7
11,0.3705,35078400,109723018.6
12,0.3646,35164800,46531257.4
13,0.3711,35251200,41898265.4
14,0.3669,35337600,69018210.5
15,0.3682,35424000,66128494.6
16,0.3755,35510400,94403281.2
17,0.3714,35596800,80420401.0
18,0.3681,35683200,38723441.7
19,0.3662,35769600,44032296.2
20,0.3602,35856000,39270367.4
21,0.3679,35942400,62447190.2
22,0.3704,36028800,47769860.8
23,0.3638,36115200,57618648.9
24,0.3581,36201600,50137129.0
25,0.3626,36288000,56982912.1
26,0.3667,36374400,30122750.7
27,0.3828,36460800,80053076.5
28,0.3786,36547200,66769379.2
29,0.3779,36633600,70137418.8
30,0.3744,36720000,59998056.8
0,0.3644,36806400,93248479.9
1,0.3782,36892800,71763680.0
2,0.3759,36979200,27741856.8
3,0.3773,37065600,41513359.6
4,0.3514,37152000,112815250.3
5,0.3531,37238400,90606305.0
6,0.3223,37324800,150728402.3
7,0.3228,37411200,104686899.3
8,0.2951,37497600,246384470.8
9,0.2747,37584000,757333075.3
10,0.272,37670400,262186505.2
11,0.2748,37756800,222382051.8
12,0.2752,37843200,156748499.8
13,0.2633,37929600,133531077.0
14,0.262,38016000,140877163.2
15,0.2632,38102400,89417626.3
16,0.2667,38188800,88054261.3
17,0.261,38275200,65212614.6
18,0.2634,38361600,70893812.3
19,0.2705,38448000,109090810.6
20,0.2862,38534400,189786985.2
21,0.2899,38620800,167726209.8
22,0.2966,38707200,117254934.0
23,0.2892,38793600,88286411.9
24,0.2921,38880000,103164289.5
25,0.2805,38966400,92192313.0
26,0.2867,39052800,84320347.3
27,0.2669,39139200,140734583.3
28,0.2752,39225600,88026541.6
29,0.2869,39312000,272156267.9
0,0.2924,39398400,88196474.2
1,0.2916,39484800,74721548.0
2,0.2967,39571200,71590689.3
3,0.2924,39657600,107425650.5
4,0.2839,39744000,106289740.4
5,0.2784,39830400,144527874.2
6,0.2844,39916800,100178705.4
7,0.2907,40003200,106202528.4
8,0.2844,40089600,94953544.0
9,0.2878,40176000,122097011.3
10,0.2927,40262400,98565787.5
11,0.289,40348800,77926024.7
12,0.3567,40435200,508960536.5
13,0.3277,40521600,344645916.7
14,0.326,40608000,87463902.2
15,0.3146,40694400,132942159.3
16,0.3118,40780800,121471436.2
17,0.3095,40867200,151432242.5
18,0.3226,40953600,215253837.4
19,0.3161,41040000,166938424.7
20,0.3127,41126400,70324894.6
21,0.31,41212800,58496057.3
22,0.3171,41299200,50429234.4
23,0.3053,41385600,100248697.4
24,0.3037,41472000,61989431.0
25,0.3069,41558400,90818421.0
26,0.3077,41644800,58397987.4
27,0.3099,41731200,46597667.1
28,0.313,41817600,58072439.0
29,0.3156,41904000,60782448.0
30,0.307,41990400,70168122.6
0,0.3103,42076800,87820146.1
1,0.2993,42163200,68334103.8
2,0.2922,42249600,99581572.7
3,0.2935,42336000,51367134.7
4,0.2938,42422400,29967210.9
5,0.2923,42508800,28144338.0
6,0.291,42595200,69256542.6
7,0.2974,42681600,97955669.9
8,0.3013,42768000,55701452.3
9,0.2965,42854400,50339891.6
10,0.2933,42940800,30373249.6
11,0.2919,43027200,35784585.7
12,0.2894,43113600,49756311.8
13,0.2906,43200000,39940476.2
14,0.282,43286400,68128212.8
15,0.2747,43372800,112051659.2
16,0.2553,43459200,183020531.1
17,0.264,43545600,127151195.7
18,0.2688,43632000,55279750.4
19,0.2703,43718400,39701431.0
20,0.2628,43804800,60006555.7
21,0.2588,43891200,81237011.7
22,0.2681,43977600,69984062.1
23,0.2659,44064000,49728611.9
24,0.2612,44150400,113233017.8
25,0.261,44236800,47226296.0
26,0.2634,44323200,49902951.1
27,0.2676,44409600,54934617.6
28,0.2726,44496000,147979504.9
29,0.2654,44582400,102074556.8
30,0.2554,44668800,92935093.3
0,0.2551,44755200,62605625.4
1,0.2562,44841600,21898057.0
2,0.2559,44928000,33024398.4
3,0.2561,45014400,40657488.5
4,0.2578,45100800,40887843.7
5,0.2577,45187200,57656386.6
6,0.2579,45273600,63998483.8
7,0.2544,45360000,54595507.4
8,0.2533,45446400,18121235.9
9,0.249,45532800,82463546.6
10,0.2421,45619200,74448945.4
11,0.2455,45705600,55963149.9
12,0.2487,45792000,42074899.2
13,0.2513,45878400,49307776.8
14,0.2505,45964800,68762333.2
15,0.2503,46051200,34777177.1
16,0.2471,46137600,42170651.7
17,0.2516,46224000,71770689.6
18,0.2548,46310400,52966563.7
19,0.2517,46396800,53146080.0
20,0.2449,46483200,58361302.0
21,0.2449,46569600,73938896.4
22,0.2461,46656000,25631020.4
23,0.2427,46742400,27611468.8
24,0.2459,46828800,39187490.9
25,0.2455,46915200,28346745.0
26,0.2446,47001600,39114830.2
27,0.2489,47088000,49669473.6
28,0.2494,47174400,88297074.2
29,0.254,47260800,41541821.3
0,0.2659,47347200,78880890.4
1,0.2591,47433600,91440764.3
2,0.261,47520000,58464738.7
3,0.2589,47606400,63613390.5
4,0.2602,47692800,49552668.7
5,0.2646,47779200,43655463.6
6,0.2587,47865600,52025210.8
7,0.2563,47952000,26666220.2
8,0.2513,48038400,75592665.2
9,0.249,48124800,64320917.1
10,0.2481,48211200,78623427.5
11,0.246,48297600,35000900.0
12,0.2458,48384000,35522662.0
13,0.247,48470400,19550143.8
14,0.2473,48556800,23294593.0
15,0.2513,48643200,89063648.9
16,0.2463,48729600,44841890.9
17,0.243,48816000,35611192.0
18,0.2469,48902400,47562468.3
19,0.2512,48988800,68958714.1
20,0.2586,49075200,74687552.0
21,0.2639,49161600,59063453.1
22,0.2807,49248000,138213642.7
23,0.2792,49334400,171131052.9
24,0.2808,49420800,100707132.0
25,0.2872,49507200,126349394.6
26,0.2893,49593600,59005757.2
27,0.2909,49680000,43195418.6
28,0.2954,49766400,45363693.5
29,0.3031,49852800,88760107.7
30,0.293,49939200,115945883.2
0,0.3071,50025600,144162060.8
1,0.323,50112000,201974366.4
2,0.3292,50198400,134180972.4
3,0.3278,50284800,63442713.4
4,0.3419,50371200,130046711.3
5,0.3624,50457600,179872075.7
6,0.3512,50544000,204897945.9
7,0.3577,50630400,113764823.7
8,0.3684,50716800,275776697.4
9,0.3859,50803200,191392833.4
10,0.3844,50889600,197565105.7
11,0.3834,50976000,131765655.6
12,0.3568,51062400,173268736.2
13,0.3579,51148800,162292352.2
14,0.3788,51235200,127946698.0
15,0.3706,51321600,307196631.1
16,0.3671,51408000,142430049.9
17,0.3772,51494400,112215311.8
18,0.384,51580800,101902781.3
19,0.3804,51667200,132991378.7
20,0.3566,51753600,169158003.7
21,0.3805,51840000,93647895.7
22,0.3873,51926400,68175668.9
23,0.3862,52012800,108957051.4
24,0.3941,52099200,52139797.7
25,0.3873,52185600,64465067.7
26,0.3777,52272000,70669351.5
27,0.3858,52358400,79174386.6
28,0.3816,52444800,68200523.6
29,0.3759,52531200,59930456.8
0,0.3844,52617600,56334397.5
1,0.3976,52704000,68638568.3
2,0.3949,52790400,91882676.8
3,0.4068,52876800,177280730.9
4,0.4257,52963200,153779346.5
5,0.4429,53049600,270929667.9
6,0.4555,53136000,180487882.7
7,0.5454,53222400,514331728.7
8,0.5791,53308800,716161289.8
9,0.5948,53395200,307447745.2
10,0.5507,53481600,403945042.2
11,0.5784,53568000,348838584.3
12,0.6675,53654400,493921678.8
13,0.6433,53740800,345212494.2
14,0.6004,53827200,240571744.1
15,0.6078,53913600,152365355.7
16,0.5804,54000000,133192915.3
17,0.6021,54086400,204175142.0
18,0.5761,54172800,198847462.1
19,0.5894,54259200,198909767.8
20,0.6351,54345600,226299061.9
21,0.6226,54432000,214849930.8
22,0.613,54518400,126272911.7
23,0.5919,54604800,217308386.0
24,0.6242,54691200,163634887.8
25,0.6087,54777600,221963239.7
26,0.6334,54864000,229068834.3
27,0.6158,54950400,321217533.2
28,0.6083,55036800,195162581.0
29,0.6011,55123200,96059388.4
30,0.594,55209600,104191519.8
0,0.6232,55296000,91021386.4
1,0.605,55382400,160535672.8
2,0.5569,55468800,319806612.8
3,0.5699,55555200,149952088.0
4,0.5414,55641600,152848545.9
5,0.5227,55728000,120959496.4
6,0.4945,55814400,111767718.9
7,0.5412,55900800,216099815.2
8,0.5124,55987200,168923575.1
9,0.566,56073600,279571914.5
10,0.582,56160000,287865723.4
11,0.5476,56246400,158309249.6
12,0.5491,56332800,73966558.1
13,0.5251,56419200,74139564.7
14,0.5276,56505600,63585526.0
15,0.5356,56592000,74354014.5
16,0.5282,56678400,63933793.0
17,0.5026,56764800,92941269.5
18,0.5044,56851200,119926942.0
19,0.516,56937600,79444228.6
20,0.5032,57024000,54007901.7
21,0.4786,57110400,143854450.0
22,0.4773,57196800,179364936.7
23,0.4765,57283200,94074417.5
24,0.4666,57369600,85672497.7
25,0.4849,57456000,106524727.9
26,0.4862,57542400,55368149.5
27,0.4903,57628800,97129557.5
28,0.526,57715200,121001422.1
29,0.5136,57801600,131938020.8
30,0.4976,57888000,132999623.5
0,0.5078,57974400,97823370.7
1,0.5146,58060800,109308591.4
2,0.5124,58147200,62959942.6
3,0.4934,58233600,57766921.8
4,0.4944,58320000,74074301.1
5,0.4983,58406400,74173617.7
6,0.5022,58492800,180295685.6
7,0.5304,58579200,228609030.6
8,0.5407,58665600,154515283.0
9,0.5515,58752000,115859589.7
10,0.5414,58838400,159388533.1
11,0.5592,58924800,156086926.2
12,0.5449,59011200,128760890.4
13,0.5768,59097600,164094581.5
14,0.6087,59184000,232282054.4
15,0.5986,59270400,148909729.5
16,0.6096,59356800,128162404.1
17,0.6193,59443200,207753370.3
18,0.6308,59529600,169787705.9
19,0.6216,59616000,233760627.4
20,0.5988,59702400,133532235.1
21,0.5858,59788800,128991781.0
22,0.5824,59875200,117449758.1
23,0.5969,59961600,95375216.6
24,0.5914,60048000,78055822.8
25,0.6191,60134400,169685875.5
26,0.6239,60220800,194585795.4
27,0.6287,60307200,355791252.9
28,0.6547,60393600,496600842.9
0,0.7195,60480000,227378496.5
1,0.7416,60566400,297746478.5
2,0.7279,60652800,205502738.3
3,0.7701,60739200,404835737.3
4,0.6923,60825600,620713725.8
5,0.7349,60912000,295551593.1
6,0.7427,60998400,207951361.7
7,0.7228,61084800,217116920.9
8,0.7416,61171200,117539314.3
9,0.7166,61257600,124973655.8
10,0.7754,61344000,320630328.7
11,0.7481,61430400,227151117.0
12,0.7638,61516800,168550753.8
13,0.7509,61603200,416026694.0
14,0.7274,61689600,342389407.2
15,0.6591,61776000,253748203.3
16,0.6814,61862400,188639901.3
17,0.6603,61948800,193908706.1
18,0.5864,62035200,350014516.9
19,0.6396,62121600,283086563.5
20,0.6318,62208000,162134047.4
21,0.6147,62294400,138778065.1
22,0.6232,62380800,79575095.9
23,0.6468,62467200,80674633.1
24,0.6567,62553600,129205089.7
25,0.665,62640000,128211683.4
26,0.6478,62726400,141784476.2
27,0.6511,62812800,92872752.8
28,0.6643,62899200,129589892.2
29,0.6436,62985600,89397036.8
30,0.6501,63072000,61338789.9
0,0.6212,63158400,156775712.2
1,0.5807,63244800,194496435.1
2,0.5693,63331200,117116217.3
3,0.5831,63417600,134498067.6
4,0.5741,63504000,106755812.6
5,0.5836,63590400,50089819.8
6,0.5892,63676800,71643798.6
7,0.6137,63763200,112868465.7
8,0.5912,63849600,140670945.7
9,0.5862,63936000,146079444.2
10,0.5858,64022400,80939649.6
11,0.5027,64108800,446034030.9
12,0.4449,64195200,475184725.6
13,0.4673,64281600,362259711.3
14,0.461,64368000,269902887.3
15,0.4583,64454400,171457504.8
16,0.444,64540800,186425966.0
17,0.458,64627200,132581719.0
18,0.4682,64713600,213036756.4
19,0.5072,64800000,177539872.5
20,0.4993,64886400,97169818.8
21,0.5167,64972800,109611168.0
22,0.5,65059200,114960663.5
23,0.4746,65145600,160604995.8
24,0.4705,65232000,91924876.1
25,0.4631,65318400,83089637.1
26,0.4675,65404800,95742384.2
27,0.4603,65491200,64574729.5
28,0.4571,65577600,76427014.0
29,0.4412,65664000,126093063.6
0,0.4501,65750400,163802414.7
1,0.4578,65836800,93572218.4
2,0.4673,65923200,97178116.8
3,0.4633,66009600,61758692.4
4,0.458,66096000,65843432.5
5,0.4541,66182400,100853816.9
6,0.4414,66268800,86403537.3
7,0.4518,66355200,155420658.9
8,0.4635,66441600,85381130.6
9,0.4479,66528000,86117375.2
10,0.439,66614400,44305780.0
11,0.4377,66700800,33671129.0
12,0.4368,66787200,108437847.9
13,0.4285,66873600,77134834.9
14,0.4524,66960000,87948334.1
15,0.4597,67046400,94019232.9
16,0.4824,67132800,108680341.7
17,0.482,67219200,45922360.7
18,0.4672,67305600,52848896.0
19,0.502,67392000,152399432.6
20,0.4946,67478400,140920414.1
21,0.4835,67564800,100783629.4
22,0.4656,67651200,164392270.6
23,0.4601,67737600,79004514.8
24,0.4623,67824000,52870401.3
25,0.4581,67910400,47905238.8
26,0.4683,67996800,77194284.1
27,0.4576,68083200,103514209.4
28,0.4512,68169600,86483314.0
29,0.4465,68256000,88752476.4
30,0.447,68342400,62854052.2
0,0.4499,68428800,31130909.6
1,0.4465,68515200,59363693.5
2,0.4573,68601600,75171575.4
3,0.4615,68688000,61587251.6
4,0.4613,68774400,63025277.7
5,0.4582,68860800,60496507.5
6,0.4492,68947200,239701551.5
7,0.4368,69033600,89241948.8
8,0.4442,69120000,42256582.2
9,0.4406,69206400,86969425.3
10,0.422,69292800,138567339.0
11,0.4378,69379200,121613605.3
12,0.421,69465600,110639835.0
13,0.412,69552000,116922808.4
14,0.414,69638400,47189963.7
15,0.4168,69724800,37640933.2
16,0.4013,69811200,124025287.9
17,0.3837,69897600,215871708.0
18,0.3844,69984000,84821749.0
19,0.3844,70070400,81788373.7
20,0.376,70156800,77104500.3
21,0.3846,70243200,76900986.8
22,0.38,70329600,56593832.5
23,0.3777,70416000,119340661.4
24,0.3918,70502400,70104337.4
25,0.385,70588800,80311716.8
26,0.3913,70675200,83592286.9
27,0.3858,70761600,92147447.1
28,0.3841,70848000,70624426.8
29,0.3924,70934400,52136153.2
0,0.4032,71020800,70915901.7
1,0.4184,71107200,67487705.8
2,0.4069,71193600,98718851.9
3,0.3623,71280000,149416521.3
4,0.3501,71366400,323282253.6
5,0.3707,71452800,90921251.5
6,0.3466,71539200,74443934.6
7,0.3691,71625600,178789658.0
8,0.3754,71712000,71495085.0
9,0.3885,71798400,63358979.6
10,0.3959,71884800,87567536.7
11,0.4165,71971200,100898164.4
12,0.4416,72057600,98135951.1
13,0.4317,72144000,101540405.4
14,0.4449,72230400,125566239.6
15,0.4381,72316800,126834589.9
16,0.4359,72403200,105320100.0
17,0.4234,72489600,80622639.4
18,0.439,72576000,80349138.6
19,0.4373,72662400,54136437.1
20,0.4469,72748800,85361994.3
21,0.4262,72835200,79086035.0
22,0.41,72921600,86052015.5
23,0.4063,73008000,97197388.2
24,0.3948,73094400,96406178.5
25,0.4172,73180800,59178553.1
26,0.4176,73267200,171402225.1
27,0.4073,73353600,80650723.3
28,0.4031,73440000,83989483.1
29,0.4015,73526400,66547192.1
30,0.3882,73612800,64025495.7
0,0.3925,73699200,93185663.4
1,0.3636,73785600,122506209.6
2,0.3646,73872000,87498771.3
3,0.3442,73958400,97503415.0
4,0.3119,74044800,592112788.2
5,0.331,74131200,125385161.0
6,0.3241,74217600,108079429.6
7,0.3516,74304000,108236428.8
8,0.3483,74390400,75715466.2
9,0.3457,74476800,32923978.4
10,0.3276,74563200,58078474.9
11,0.339,74649600,75901662.9
12,0.34,74736000,46778962.1
13,0.3352,74822400,52329030.8
14,0.3248,74908800,73704919.9
15,0.3301,74995200,89181725.2
16,0.3373,75081600,37562981.3
17,0.3342,75168000,31399291.8
18,0.3367,75254400,59429594.3
19,0.3434,75340800,67569520.8
20,0.3689,75427200,120694348.6
21,0.3763,75513600,74918204.0
22,0.3912,75600000,103804942.5
23,0.3935,75686400,68874709.6
24,0.3849,75772800,64228390.3
25,0.3661,75859200,85653817.5
26,0.3503,75945600,95443201.9
27,0.3502,76032000,90938224.2
28,0.3578,76118400,80645542.3
29,0.3469,76204800,103161060.8
30,0.345,76291200,27057484.0
0,0.3311,76377600,63866107.4
1,0.3362,76464000,70472662.0
2,0.3185,76550400,75474745.4
3,0.3231,76636800,120424863.1
4,0.3251,76723200,116970963.2
5,0.3148,76809600,132485885.1
6,0.3253,76896000,44625799.5
7,0.339,76982400,71465766.9
8,0.3435,77068800,80797659.4
9,0.3431,77155200,51064979.8
10,0.3532,77241600,76745712.0
11,0.3564,77328000,83045574.5
12,0.3606,77414400,61642001.2
13,0.3539,77500800,40948020.2
14,0.3385,77587200,67858002.3
15,0.3303,77673600,66210102.2
16,0.3338,77760000,58973434.3
17,0.3441,77846400,70247471.4
18,0.351,77932800,88788525.3
19,0.3522,78019200,63999487.4
20,0.3584,78105600,40999174.4
21,0.3517,78192000,53113544.0
22,0.3637,78278400,80568015.7
23,0.3878,78364800,111968849.8
24,0.3809,78451200,80684494.9
25,0.4014,78537600,95788917.1
26,0.4017,78624000,86996776.4
27,0.4006,78710400,55901976.6
28,0.3975,78796800,42444987.1
29,0.3733,78883200,80942545.4
0,0.352,78969600,137861330.3
1,0.3432,79056000,107703672.0
2,0.3453,79142400,79813638.7
3,0.3517,79228800,61770930.4
4,0.351,79315200,39356208.5
5,0.3575,79401600,37440683.0
6,0.3512,79488000,75937962.2
7,0.3448,79574400,54948911.4
8,0.3396,79660800,69541560.1
9,0.3396,79747200,51099496.5
10,0.3517,79833600,49113139.9
11,0.3532,79920000,33454950.9
12,0.3486,80006400,50520578.7
13,0.3643,80092800,90929339.3
14,0.3591,80179200,133653350.7
15,0.3521,80265600,72607298.7
16,0.3432,80352000,110730558.5
17,0.3507,80438400,56351424.9
18,0.3513,80524800,41140586.4
19,0.3649,80611200,58891202.7
20,0.3609,80697600,97553069.7
21,0.3645,80784000,91803259.8
22,0.3497,80870400,96931163.7
23,0.3465,80956800,94252442.0
24,0.3261,81043200,158570967.8
25,0.3337,81129600,84287990.4
26,0.3399,81216000,37089150.4
27,0.3437,81302400,89286920.0
28,0.3561,81388800,93763509.9
29,0.355,81475200,94701157.4
30,0.3418,81561600,91529863.7
0,0.3575,81648000,130382524.7
1,0.3482,81734400,79245372.9
2,0.3341,81820800,103816230.4
3,0.3263,81907200,88647140.4
4,0.3336,81993600,80194966.4
5,0.363,82080000,210331494.8
6,0.4065,82166400,213370214.5
7,0.4447,82252800,478265867.0
8,0.4967,82339200,225441944.3
9,0.5901,82425600,1158588378.1
10,0.6132,82512000,596396671.8
11,0.5709,82598400,695933476.4
12,0.5783,82684800,603213656.1
13,0.5792,82771200,351116093.6
14,0.7071,82857600,883876827.2
15,0.7416,82944000,1131924924.1
16,0.7026,83030400,474262736.4
17,0.7325,83116800,442341128.2
18,0.7387,83203200,297007303.0
19,0.8003,83289600,729698432.0
20,0.8218,83376000,486701467.7
21,1.0175,83462400,1031366149.7
22,1.0658,83548800,919763706.7
23,1.0226,83635200,581357178.0
24,0.9435,83721600,504171181.2
25,0.9603,83808000,479192975.7
26,1.0116,83894400,383499059.9
27,1.0321,83980800,254849669.5
28,1.0755,84067200,351237724.5
29,1.079,84153600,369560299.2
0,1.1496,84240000,372853685.8
1,1.2022,84326400,866951754.4
2,1.1914,84412800,802151381.2
3,1.1871,84499200,383350912.1
4,1.1597,84585600,413686149.8
5,1.2278,84672000,311787487.7
6,1.2103,84758400,165417822.9
7,1.1936,84844800,255648168.3
8,1.0034,84931200,618530935.0
9,1.0215,85017600,628873381.3
10,1.0868,85104000,361950376.3
11,1.1231,85190400,338015830.6
12,1.1213,85276800,180296167.7
13,1.061,85363200,138860581.3
14,1.0996,85449600,139414086.3
15,1.0775,85536000,220525179.7
16,1.0522,85622400,252529517.4
17,0.9681,85708800,375972520.0
18,0.8806,85795200,447732655.1
19,0.9501,85881600,594787205.1
20,0.9052,85968000,289558064.4
21,0.8834,86054400,234703947.6
22,0.9264,86140800,245984682.7
23,0.9358,86227200,165078579.2
24,0.9176,86313600,95106199.7
25,0.8611,86400000,131074807.3
26,0.8771,86486400,134800242.8
27,0.8895,86572800,79029125.6
28,0.859,86659200,105900380.7
29,0.8615,86745600,168318692.6
30,0.8451,86832000,107355712.5
0,0.9222,1734127142400,171861317.3
1,0.9612,1734213542400,194982188.5
2,1.0894,1734299942400,388427400.9
3,1.0707,1734386342400,168969002.6
4,1.0911,1734472742400,171630835.3
5,1.0934,1734559142400,181395918.9
6,0.9892,1734645542400,365562839.2
7,0.9468,1734731942400,369801375.9
8,0.9045,1734818342400,239358339.9
9,0.9303,1734904742400,208259628.3
10,0.9955,1734991142400,146491610.6
11,0.9677,1735077542400,196542136.0
12,0.9444,1735163942400,288677979.1
13,0.9972,1735250342400,187168513.0
14,1.0755,1735336742400,384217805.3
15,1.0892,1735423142400,383249639.4
16,1.133,1735509542400,276530914.4
17,1.1045,1735595942400,256781980.9
18,0.993,1735682342400,560820593.6
19,1.0094,1735768742400,464297968.4
20,1.0058,1735855142400,303337850.2
21,0.9827,1735941542400,147886319.8
22,0.9867,1736027942400,192569354.5
23,0.9712,1736114342400,124426928.3
24,0.9766,1736200742400,56721656.8
25,0.953,1736287142400,73197919.3
26,0.9345,1736373542400,257950415.8
27,0.9169,1736459942400,124707222.9
28,0.9399,1736546342400,135142289.7
29,0.9595,1736632742400,86721138.9
30,0.9429,1736719142400,113818765.2
0,0.8948,1736805542400,88384785.8
1,0.8052,1736891942400,340523726.6
2,0.812,1736978342400,1336951229.5
3,0.7439,1737064742400,336202720.8
4,0.7325,1737151142400,174717874.3
5,0.7052,1737237542400,187578647.3
6,0.7072,1737323942400,206190185.9
7,0.7005,1737410342400,106440011.1
8,0.6814,1737496742400,145972643.5
9,0.7121,1737583142400,168781925.4
10,0.7781,1737669542400,364029512.7
11,0.7997,1737755942400,271335009.3
12,0.8107,1737842342400,148408733.0
13,0.7998,1737928742400,144880343.5
14,0.7811,1738015142400,72649439.8
15,0.7714,1738101542400,62651373.5
16,0.8089,1738187942400,193681003.3
17,0.7541,1738274342400,173068755.8
18,0.7738,1738360742400,118560241.8
19,0.8036,1738447142400,123013598.3
20,0.7621,1738533542400,176129521.6
21,0.7734,1738619942400,70048824.6
22,0.7697,1738706342400,68066469.6
23,0.6816,1738792742400,187852768.2
24,0.6832,1738879142400,314619948.7
25,0.6474,1738965542400,188683060.2
26,0.6451,1739051942400,119338095.8
27,0.6328,1739138342400,258110432.8
0,0.6593,1739224742400,101845318.3
1,1.135,1739311142400,1462027409.9
2,0.8578,1739397542400,1410346466.6
3,0.9409,1739483942400,1103033777.6
4,0.9741,1739570342400,684542897.2
5,0.9065,1739656742400,426709138.1
6,0.8181,1739743142400,789791963.0
7,0.8052,1739829542400,195763913.6
8,0.7215,1739915942400,341584369.9
9,0.6712,1740002342400,452130529.1
10,0.7241,1740088742400,418368477.7
11,0.736,1740175142400,272406998.1
12,0.703,1740261542400,264883435.2
13,0.7373,1740347942400,200723012.3
14,0.7468,1740434342400,134638523.2
15,0.7049,1740520742400,166304049.4
16,0.7175,1740607142400,124793194.3
17,0.7017,1740693542400,124187049.1
18,0.7436,1740779942400,203333627.3
19,0.718,1740866342400,163787969.9
20,0.705,1740952742400,99337577.7
21,0.7014,1741039142400,58014666.0
22,0.7107,1741125542400,83791747.2
23,0.732,1741211942400,164891536.5
24,0.7448,1741298342400,191707229.1
25,0.7287,1741384742400,166873889.6
26,0.7381,1741471142400,78374162.9
27,0.7062,1741557542400,140942745.6
28,0.6732,1741643942400,104353465.2
29,0.6612,1741730342400,73774230.6
30,0.6618,1741816742400,126559978.9
0,0.677,1741903142400,106364321.5
1,0.64,1741989542400,168146368.6
2,0.6508,1742075942400,114219073.8
3,0.6603,1742162342400,126446033.5
4,0.6547,1742248742400,43762918.6
5,0.5737,1742335142400,166216469.9
6,0.5864,1742421542400,419069987.9
7,0.5583,1742507942400,238977888.4
8,0.6315,1742594342400,327515064.6
9,0.6094,1742680742400,159599767.0
10,0.6239,1742767142400,152727364.8
11,0.6595,1742853542400,115874420.3
12,0.6383,1742939942400,104410716.6
13,0.6353,1743026342400,117699773.5
14,0.6091,1743112742400,143898856.8
15,0.6105,1743199142400,126774167.2
16,0.6167,1743285542400,70142773.4
17,0.6275,1743371942400,55674804.9
18,0.6282,1743458342400,42619558.8
19,0.6202,1743544742400,50246835.4
20,0.6242,1743631142400,113722683.3
21,0.6794,1743717542400,143341355.5
22,0.6977,1743803942400,159614226.0
23,0.7219,1743890342400,171690319.8
24,0.7135,1743976742400,150864406.0
25,0.707,1744063142400,98567156.4
26,0.7032,1744149542400,82135355.9
27,0.7056,1744235942400,148303185.8
28,0.6958,1744322342400,144681664.2
29,0.6816,1744408742400,97477142.0
0,0.705,1744495142400,85930672.3
1,0.6981,1744581542400,99617178.4
2,0.6995,1744667942400,125664048.1
3,0.6762,1744754342400,113830422.1
4,0.6622,1744840742400,115627149.0
5,0.6789,1744927142400,81419623.3
6,0.6715,1745013542400,89497926.6
7,0.7693,1745099942400,238990032.9
8,0.7774,1745186342400,223733227.0
9,0.8406,1745272742400,177651038.9
10,0.8053,1745359142400,131407953.5
11,0.817,1745445542400,250186987.8
12,0.8299,1745531942400,170776720.3
13,0.7986,1745618342400,137228841.5
14,0.7624,1745704742400,181474078.9
15,0.7588,1745791142400,89428901.1
16,0.7427,1745877542400,127369154.9
17,0.7596,1745963942400,137043357.8
18,0.7425,1746050342400,121736745.6
19,0.746,1746136742400,94460431.4
20,0.7693,1746223142400,152161906.6
21,0.8093,1746309542400,136071438.9
22,0.7471,1746395942400,228323410.0
23,0.7467,1746482342400,73357703.7
24,0.7598,1746568742400,80670789.5
25,0.7604,1746655142400,79623463.0
26,0.7583,1746741542400,91137197.1
27,0.7476,1746827942400,75356290.5
28,0.7221,1746914342400,104471174.0
29,0.6889,1747000742400,174517183.6
30,0.6858,1747087142400,111278610.9
0,0.6855,1747173542400,92156943.0
1,0.6896,1747259942400,72942407.9
2,0.6837,1747346342400,75512318.6
3,0.6654,1747432742400,71491826.6
4,0.6256,1747519142400,145639972.6
5,0.6554,1747605542400,99504658.4
6,0.6645,1747691942400,52653743.0
7,0.6703,1747778342400,73152581.7
8,0.7049,1747864742400,99192245.2
9,0.7167,1747951142400,146832550.3
10,0.698,1748037542400,113621215.0
11,0.6613,1748123942400,99094622.1
12,0.642,1748210342400,180308681.7
13,0.6247,1748296742400,57750191.8
14,0.6334,1748383142400,44666279.5
15,0.6303,1748469542400,99602152.2
16,0.609,1748555942400,110370304.8
17,0.6039,1748642342400,120946782.8
18,0.602,1748728742400,69309415.7
19,0.5774,1748815142400,140958123.2
20,0.5561,1748901542400,140946671.2
21,0.5419,1748987942400,254432354.9
22,0.5823,1749074342400,214940626.1
23,0.5875,1749160742400,148093981.2
24,0.5671,1749247142400,106514611.1
25,0.5543,1749333542400,101834511.0
26,0.5587,1749419942400,80562142.4
27,0.5654,1749506342400,60272689.6
28,0.5773,1749592742400,103251178.3
29,0.5722,1749679142400,113245597.3
0,0.542,1749765542400,122582583.1
1,0.584,1749851942400,185381208.3
2,0.5992,1749938342400,113126506.8
3,0.5724,1750024742400,84798877.1
4,0.5755,1750111142400,35696806.4
5,0.5858,1750197542400,54435116.4
6,0.5805,1750283942400,79484536.9
7,0.5884,1750370342400,72621236.5
8,0.6227,1750456742400,148070206.3
9,0.6775,1750543142400,157102169.2
10,0.7094,1750629542400,422407397.0
11,0.7089,1750715942400,168298372.1
12,0.7367,1750802342400,215053184.2
13,0.7352,1750888742400,236796029.0
14,0.7466,1750975142400,193798144.0
15,0.7644,1751061542400,193963182.7
16,0.8216,1751147942400,358854772.5
17,0.8158,1751234342400,392945944.3
18,0.8298,1751320742400,111106231.9
19,0.858,1751407142400,225868721.3
20,0.8891,1751493542400,339104770.6
21,0.9034,1751579942400,280731632.2
22,0.816,1751666342400,280523266.3
23,0.806,1751752742400,300916507.2
24,0.8158,1751839142400,184839066.1
25,0.8198,1751925542400,104439376.7
26,0.832,1752011942400,115390984.0
27,0.7932,1752098342400,176220336.4
28,0.7828,1752184742400,126191748.8
29,0.7634,1752271142400,180444777.0
30,0.7392,1752357542400,135816550.6
0,0.7141,1752443942400,208847677.1
1,0.6975,1752530342400,128892289.5
2,0.727,1752616742400,100572763.3
3,0.7549,1752703142400,109468445.8
4,0.7258,1752789542400,116108835.0
5,0.7413,1752875942400,80620550.6
6,0.7874,1752962342400,145327737.2
7,0.7911,1753048742400,159518548.4
8,0.8029,1753135142400,126981193.8
9,0.8014,1753221542400,135582385.7
10,0.7728,1753307942400,197965368.1
11,0.8411,1753394342400,268542746.8
12,0.9042,1753480742400,291140557.0
13,0.9258,1753567142400,901874210.3
14,0.9453,1753653542400,417689026.4
15,0.9211,1753739942400,283543709.0
16,0.9609,1753826342400,235922207.4
17,0.9236,1753912742400,274717771.5
18,0.8464,1753999142400,361169288.2
19,0.8808,1754085542400,272793278.7
20,0.8519,1754171942400,147306956.5
21,0.9314,1754258342400,373507351.1
22,0.9143,1754344742400,163214429.0
23,0.909,1754431142400,255530384.5
24,0.8371,1754517542400,297471294.0
25,0.8663,1754603942400,160655800.8
26,0.8509,1754690342400,157523208.3
27,0.8576,1754776742400,132011383.5
28,0.8266,1754863142400,201342974.0
29,0.8224,1754949542400,81522223.5
30,0.8113,1755035942400,70084168.9
0,0.8014,1755122342400,201302131.6
1,0.8349,1755208742400,141486947.7
2,0.8366,1755295142400,85339868.5
3,0.8093,1755381542400,85090122.5
4,0.8307,1755467942400,129834408.2
5,0.8184,1755554342400,46572139.5
6,0.8351,1755640742400,64778457.0
7,0.8651,1755727142400,133401128.5
8,0.8652,1755813542400,187181932.9
9,0.8854,1755899942400,108953413.3
10,0.8939,1755986342400,118050138.7
11,0.9169,1756072742400,146458617.0
12,0.9294,1756159142400,207628746.0
13,0.8879,1756245542400,106703822.7
14,0.8632,1756331942400,155293426.6
15,0.8803,1756418342400,92067486.3
16,0.9138,1756504742400,154733412.9
17,0.9244,1756591142400,163637205.2
18,0.8904,1756677542400,130832798.9
19,0.8931,1756763942400,52678149.5
20,0.884,1756850342400,64617792.0
21,0.8256,1756936742400,262158405.5
22,0.806,1757023142400,93154647.2
23,0.8127,1757109542400,95855704.9
24,0.7637,1757195942400,212139193.9
25,0.7919,1757282342400,102424850.1
26,0.7809,1757368742400,38304292.5
27,0.8086,1757455142400,60982333.7
28,0.8061,1757541542400,84007858.7
29,0.8072,1757627942400,88758520.5
0,0.8508,1757714342400,132642239.2
1,0.8706,1757800742400,134137531.5
2,0.8655,1757887142400,133631604.9
3,0.8395,1757973542400,71672443.0
4,0.8371,1758059942400,149427053.9
5,0.8715,1758146342400,171579610.4
6,0.8198,1758232742400,170785500.2
7,0.8387,1758319142400,109616497.8
8,0.8152,1758405542400,125624051.5
9,0.6353,1758491942400,787201148.9
10,0.6316,1758578342400,419734212.7
11,0.7,1758664742400,210806749.0
12,0.7284,1758751142400,243460738.8
13,0.6989,1758837542400,291031627.6
14,0.6684,1758923942400,160075781.5
15,0.6453,1759010342400,200052556.0
16,0.6245,1759096742400,268779633.7
17,0.6343,1759183142400,59384501.9
18,0.6528,1759269542400,109620437.0
19,0.6625,1759355942400,144735122.7
20,0.6428,1759442342400,154145939.3
21,0.6238,1759528742400,155613632.5
22,0.6428,1759615142400,93548863.2
23,0.656,1759701542400,99367742.5
24,0.6542,1759787942400,40616598.0
25,0.6812,1759874342400,92318117.5
26,0.667,1759960742400,95122618.6
27,0.6459,1760047142400,116651079.9
28,0.6401,1760133542400,139267473.1
29,0.6016,1760219942400,164661705.0
30,0.6091,1760306342400,99474430.0
0,0.6128,1760392742400,44683725.3
1,0.6106,1760479142400,53815345.4
2,0.5528,1760565542400,237564733.8
3,0.5208,1760651942400,336980946.9
4,0.5453,1760738342400,165359661.8
5,0.5318,1760824742400,121971447.1
6,0.5763,1760911142400,194941325.4
7,0.5688,1760997542400,99118952.0
8,0.579,1761083942400,91372351.7
9,0.5928,1761170342400,102827832.8
10,0.5564,1761256742400,115705244.7
11,0.5458,1761343142400,99390469.3
12,0.5298,1761429542400,149664298.1
13,0.4984,1761515942400,190803666.2
14,0.5036,1761602342400,109102128.6
15,0.4845,1761688742400,174030140.6
16,0.4663,1761775142400,224051283.6
17,0.4752,1761861542400,195617142.5
18,0.464,1761947942400,189011037.1
19,0.4324,1762034342400,181640032.0
20,0.4091,1762120742400,451803309.8
21,0.4046,1762207142400,98873706.6
22,0.4085,1762293542400,112961442.4
23,0.4276,1762379942400,156866959.4
24,0.4218,1762466342400,116535814.5
25,0.4356,1762552742400,94689425.9
26,0.4331,1762639142400,69670175.5
27,0.4199,1762725542400,102762431.4
28,0.4147,1762811942400,51363457.3
29,0.4143,1762898342400,62005649.0
0,0.3856,1762984742400,209371176.8
1,0.4335,1763071142400,160318643.2
2,0.4499,1763157542400,130407203.4
3,0.4394,1763243942400,103549487.3
4,0.4157,1763330342400,97619818.2
5,0.4138,1763416742400,47479004.2
6,0.4173,1763503142400,104457360.3
7,0.4328,1763589542400,105431201.3
8,0.4697,1763675942400,256310735.2
9,0.4536,1763762342400,188573523.4
10,0.4255,1763848742400,255024361.1
11,0.4091,1763935142400,145597966.3
12,0.4105,1764021542400,43464503.1
13,0.3963,1764107942400,93578123.8
14,0.3882,1764194342400,116687959.6
15,0.3859,1764280742400,94171731.2
16,0.3673,1764367142400,134900622.2
17,0.3514,1764453542400,154461800.5
18,0.3767,1764539942400,111249233.9
19,0.373,1764626342400,45059247.6
20,0.3662,1764712742400,80041766.8
21,0.3711,1764799142400,115017172.4
22,0.3628,1764885542400,87389611.9
23,0.3566,1764971942400,80682772.1
24,0.3434,1765058342400,117381757.3
25,0.3496,1765144742400,118134191.4
26,0.37,1765231142400,74514742.1
27,0.3688,1765317542400,89973452.1
28,0.3532,1765403942400,153538418.7
29,0.3514,1765490342400,95781881.0
30,0.3335,1765576742400,132046715.5
