,close,time,volume
0,377.2,0,94775.864
1,372.5,86400,67876.571
2,378.6,172800,36385.343
3,376.2,259200,54217.976
4,365.4,345600,40589.438
5,331.0,432000,74696.67
6,336.1,518400,36139.995
7,323.0,604800,39494.237
8,325.9,691200,23748.201
9,319.8,777600,32583.909
10,294.8,864000,57665.51
11,305.0,950400,47614.943
12,341.2,1036800,139323.15
13,337.6,1123200,72737.764
14,340.8,1209600,41398.435
15,342.8,1296000,27809.62
16,328.1,1382400,31958.539
17,340.3,1468800,55095.064
18,340.5,1555200,40639.799
19,330.7,1641600,56703.39
20,315.6,1728000,54306.77
21,321.1,1814400,59306.426
22,312.5,1900800,19616.805
23,307.7,1987200,21891.376
24,314.5,2073600,52792.077
25,296.0,2160000,65129.019
26,307.2,2246400,47573.863
27,306.5,2332800,43647.97
28,294.6,2419200,57473.412
29,277.7,2505600,50642.594
0,284.0,2592000,43048.415
1,285.0,2678400,53144.924
2,279.4,2764800,39907.819
3,300.0,2851200,54287.64
4,277.3,2937600,82891.815
5,274.9,3024000,63296.088
6,268.0,3110400,37432.237
7,261.7,3196800,55073.925
8,217.9,3283200,171749.58531
9,231.5,3369600,186759.91
10,194.9,3456000,345671.98183
11,194.2,3542400,409283.88736
12,202.4,3628800,320794.951
13,208.8,3715200,198757.516
14,214.9,3801600,138302.724
15,197.6,3888000,122135.5
16,206.9,3974400,244633.641
17,186.9,4060800,80255.793
18,196.5,4147200,101438.469
19,190.1,4233600,102758.797
20,192.4,4320000,51094.546
21,197.9,4406400,57951.321
22,192.0,4492800,116532.633
23,195.6,4579200,79347.834
24,190.2,4665600,102614.652
25,179.4,4752000,103116.095
26,174.8,4838400,141718.588
27,178.7,4924800,47540.249
28,185.2,5011200,54783.336
29,196.9,5097600,92580.366
30,204.6,5184000,151847.499
0,186.0,5270400,141982.785
1,189.0,5356800,63177.782
2,183.1,5443200,53426.611
3,188.8,5529600,34963.818
4,179.9,5616000,113501.594
5,185.6,5702400,88737.107
6,182.1,5788800,86468.194
7,176.8,5875200,59102.496
8,175.6,5961600,41535.411
9,167.4,6048000,86143.089
10,156.7,6134400,87238.865
11,146.0,6220800,115128.30401
12,127.1,6307200,289756.38293
13,125.9,6393600,213229.55553
14,127.9,6480000,219558.00166
15,109.4,6566400,320316.506
16,121.5,6652800,426728.023
17,115.5,6739200,287238.455
18,120.6,6825600,191603.131
19,118.7,6912000,149101.787
20,119.6,6998400,330662.73
21,112.8,7084800,123105.819
22,116.4,7171200,89088.924
23,114.3,7257600,215946.663
24,115.5,7344000,268020.388
25,112.9,7430400,213252.273
26,111.5,7516800,140432.426
27,103.3,7603200,198446.736
28,104.6,7689600,141256.322
29,103.2,7776000,144874.715
0,101.5,7862400,105091.004
1,106.6,7948800,64583.397
2,105.7,8035200,64949.576
3,108.1,8121600,78326.886
4,104.1,8208000,101111.634
5,105.9,8294400,98903.525
6,111.5,8380800,93603.653
7,108.6,8467200,94129.738
8,111.3,8553600,61596.642
9,106.8,8640000,54321.013
10,99.1,8726400,69451.613
11,97.2,8812800,78773.104
12,102.5,8899200,101045.44
13,103.0,8985600,79348.974
14,106.2,9072000,92927.226
15,109.5,9158400,87788.934
16,110.3,9244800,161027.805
17,121.4,9331200,157569.979
18,128.3,9417600,254745.547
19,121.7,9504000,166697.167
20,123.1,9590400,144413.339
21,123.3,9676800,186949.286
22,122.4,9763200,116672.581
23,131.9,9849600,164346.07
24,118.0,9936000,166912.881
25,118.9,10022400,126392.482
26,127.4,10108800,136958.937
27,155.8,10195200,461830.724
28,151.9,10281600,403957.606
29,145.5,10368000,171162.14
30,139.3,10454400,114363.653
0,137.9,10540800,105345.003
1,133.7,10627200,129667.971
2,133.9,10713600,101424.294
3,134.3,10800000,67767.61
4,142.0,10886400,110725.564
5,141.3,10972800,84623.869
6,141.0,11059200,62440.095
7,143.6,11145600,96906.152
8,134.7,11232000,114292.149
9,142.2,11318400,107977.375
10,142.9,11404800,145427.074
11,143.2,11491200,66455.021
12,144.2,11577600,63364.535
13,139.5,11664000,79063.388
14,137.2,11750400,93715.253
15,136.4,11836800,50347.98
16,133.8,11923200,127269.817
17,129.1,12009600,100726.995
18,114.4,12096000,176757.332
19,114.6,12182400,80142.235
20,119.7,12268800,76778.071
21,122.7,12355200,102465.719
22,133.3,12441600,161836.75
23,130.4,12528000,122996.9
24,130.6,12614400,72298.195
25,116.0,12700800,126679.418
26,115.2,12787200,144100.114
27,112.6,12873600,83911.9
28,119.5,12960000,110329.485
29,114.6,13046400,96427.498
30,115.2,13132800,50247.786
0,116.7,13219200,65712.911
1,116.3,13305600,107018.715
2,117.8,13392000,82739.11
3,118.3,13478400,66196.254
4,125.7,13564800,103294.28
5,112.2,13651200,146001.678
6,118.7,13737600,110684.843
7,126.5,13824000,212852.998
8,132.7,13910400,269297.023
9,132.6,13996800,119600.671
10,130.3,14083200,96300.447
11,129.0,14169600,114285.71
12,117.6,14256000,196200.84
13,119.9,14342400,73570.555
14,117.6,14428800,102959.186
15,119.5,14515200,102870.586
16,122.1,14601600,66653.986
17,111.8,14688000,92114.982
18,112.0,14774400,112632.736
19,112.8,14860800,86969.608
20,108.9,14947200,124129.327
21,116.5,15033600,77843.39
22,120.1,15120000,96078.241
23,117.3,15206400,67039.071
24,113.5,15292800,62611.03
25,116.3,15379200,66191.779
26,114.3,15465600,105830.629
27,114.1,15552000,78060.028
28,116.9,15638400,78588.352
29,120.1,15724800,141643.925
0,117.1,15811200,58522.772
1,114.3,15897600,85470.29
2,116.3,15984000,64768.723
3,121.1,16070400,74078.707
4,122.1,16156800,69793.079
5,118.4,16243200,55537.838
6,116.7,16329600,57774.352
7,116.9,16416000,37817.179
8,117.2,16502400,39843.498
9,111.6,16588800,48271.502
10,111.1,16675200,62627.048
11,111.7,16761600,70759.021
12,108.8,16848000,111802.857
13,107.5,16934400,67367.369
14,107.9,17020800,28022.37
15,110.3,17107200,22902.42
16,110.6,17193600,29010.837
17,108.7,17280000,38370.655
18,105.8,17366400,31119.444
19,106.5,17452800,31922.319
20,107.1,17539200,39967.062
21,108.6,17625600,33575.838
22,110.8,17712000,28095.48
23,107.9,17798400,30752.14
24,112.7,17884800,64718.954
25,114.4,17971200,66846.745
26,112.3,18057600,54627.546
27,115.6,18144000,58389.726
28,118.4,18230400,96372.21
29,116.1,18316800,55110.417
30,115.0,18403200,53424.333
0,115.0,18489600,48125.99
1,113.7,18576000,156409.707
2,115.6,18662400,76224.735
3,124.5,18748800,117930.061
4,123.7,18835200,79105.35
5,116.7,18921600,64341.011
6,117.9,19008000,80552.122
7,103.2,19094400,254612.5
8,89.0,19180800,218973.21222
9,102.7,19267200,180212.823
10,103.1,19353600,118519.937
11,102.7,19440000,62502.199
12,99.6,19526400,99441.562
13,103.9,19612800,167714.737
14,103.9,19699200,87863.515
15,104.4,19785600,95714.732
16,103.9,19872000,50063.299
17,104.8,19958400,46239.222
18,104.9,20044800,32077.808
19,104.8,20131200,81819.408
20,103.4,20217600,106990.67
21,109.4,20304000,112361.605
22,115.0,20390400,183818.474
23,115.9,20476800,105513.389
24,113.8,20563200,51750.061
25,112.5,20649600,43902.312
26,111.2,20736000,33855.792
27,110.0,20822400,57502.515
28,111.0,20908800,41863.511
29,113.5,20995200,59280.216
0,110.3,21081600,57412.056
1,112.0,21168000,43985.795
2,109.7,21254400,32270.27
3,111.0,21340800,34713.425
4,110.4,21427200,96125.461
5,112.1,21513600,42918.222
6,109.1,21600000,51425.92
7,111.9,21686400,41721.426
8,109.9,21772800,52086.965
9,109.1,21859200,27203.907
10,106.3,21945600,41607.98
11,106.3,22032000,58195.807
12,110.4,22118400,118517.497
13,109.1,22204800,48182.886
14,107.2,22291200,33064.331
15,100.1,22377600,65845.584
16,103.1,22464000,52252.737
17,102.0,22550400,22885.588
18,98.4,22636800,40529.387
19,101.7,22723200,36935.555
20,100.3,22809600,17479.272
21,101.4,22896000,15722.591
22,102.0,22982400,19135.886
23,101.7,23068800,10568.985
24,101.4,23155200,19201.427
25,103.4,23241600,18810.576
26,101.7,23328000,17120.835
27,99.2,23414400,30613.424
28,98.4,23500800,31656.691
29,96.8,23587200,55044.687
30,97.0,23673600,24282.685
0,96.8,23760000,10264.919
1,99.3,23846400,41183.038
2,99.6,23932800,34511.544
3,101.5,24019200,58636.885
4,101.2,24105600,60392.462
5,101.7,24192000,63179.02
6,101.4,24278400,30203.645
7,103.7,24364800,52981.958
8,106.9,24451200,68710.657
9,107.4,24537600,45513.415
10,109.9,24624000,41716.031
11,119.7,24710400,241816.752
12,124.6,24796800,143625.194
13,125.8,24883200,163633.929
14,124.8,24969600,83784.619
15,124.2,25056000,88029.139
16,122.7,25142400,53759.085
17,118.7,25228800,94056.587
18,121.6,25315200,39384.007
19,128.1,25401600,56520.949
20,128.0,25488000,98438.739
21,128.6,25574400,56391.958
22,133.2,25660800,96735.208
23,128.2,25747200,57354.054
24,131.8,25833600,48990.863
25,134.0,25920000,46366.219
26,135.2,26006400,44599.708
27,132.7,26092800,28534.606
28,136.6,26179200,51248.781
29,131.2,26265600,62216.158
30,133.3,26352000,42244.265
0,136.2,26438400,50549.855
1,136.7,26524800,82403.925
2,137.9,26611200,39249.199
3,138.0,26697600,31490.903
4,134.4,26784000,42079.311
5,131.5,26870400,29789.536
6,135.9,26956800,41185.683
7,131.6,27043200,44511.533
8,126.6,27129600,84390.542
9,124.3,27216000,47331.035
10,124.6,27302400,37171.503
11,122.9,27388800,30304.051
12,123.8,27475200,64537.554
13,126.7,27561600,51039.353
14,134.8,27648000,64483.622
15,128.0,27734400,61743.174
16,133.4,27820800,51358.085
17,136.2,27907200,46251.432
18,136.0,27993600,58952.375
19,145.1,28080000,123482.868
20,145.3,28166400,144377.878
21,142.0,28252800,49878.017
22,138.8,28339200,37061.147
23,132.7,28425600,39473.826
24,133.2,28512000,39638.761
25,136.3,28598400,27869.47
26,135.2,28684800,33727.459
27,132.0,28771200,37638.507
0,134.3,28857600,29814.269
1,131.8,28944000,32693.299
2,126.4,29030400,51028.14
3,124.4,29116800,21819.805
4,124.0,29203200,14793.093
5,124.2,29289600,22612.199
6,122.1,29376000,28569.05
7,116.6,29462400,42494.959
8,110.2,29548800,51768.299
9,111.5,29635200,62563.886
10,113.6,29721600,67504.736
11,120.2,29808000,52359.593
12,126.6,29894400,91701.176
13,131.0,29980800,97283.004
14,123.2,30067200,65394.589
15,125.8,30153600,49577.94
16,135.5,30240000,56746.178
17,131.1,30326400,47669.45
18,135.7,30412800,31897.554
19,130.3,30499200,53715.156
20,134.0,30585600,68393.701
21,125.9,30672000,76774.38
22,128.6,30758400,88044.151
23,123.7,30844800,81345.701
24,125.2,30931200,32778.425
25,124.7,31017600,27644.555
26,120.4,31104000,64614.154
27,120.9,31190400,59140.681
28,123.3,31276800,58026.013
29,121.1,31363200,61260.393
30,123.9,31449600,33062.459
0,126.1,31536000,40065.83
1,123.0,31622400,32720.465
2,127.8,31708800,117684.74
3,127.1,31795200,49808.469
4,127.2,31881600,49976.723
5,126.0,31968000,23152.352
6,124.5,32054400,27864.219
7,123.8,32140800,17951.776
8,125.6,32227200,17464.437
9,128.0,32313600,32059.604
10,129.1,32400000,43069.52
11,128.7,32486400,42992.598
12,131.1,32572800,52186.844
13,132.2,32659200,60371.409
14,132.5,32745600,37448.831
15,134.4,32832000,40000.535
16,131.5,32918400,39990.332
17,133.6,33004800,33908.827
18,124.9,33091200,77117.412
19,123.2,33177600,39412.507
20,119.8,33264000,44640.146
21,122.0,33350400,28302.999
22,119.8,33436800,23382.799
23,119.2,33523200,39350.504
24,120.2,33609600,30910.417
25,117.6,33696000,62735.559
26,117.0,33782400,77460.877
27,118.0,33868800,53783.839
28,119.7,33955200,16978.827
29,117.7,34041600,23552.937
0,117.1,34128000,22506.425
1,119.3,34214400,24470.907
2,120.0,34300800,28932.33
3,117.3,34387200,18089.498
4,120.0,34473600,27513.874
5,117.0,34560000,28806.377
6,116.1,34646400,13454.768
7,111.1,34732800,52782.197
8,122.2,34819200,235926.06
9,115.8,34905600,154502.293
10,113.2,34992000,47106.723
11,114.7,35078400,43317.957
12,113.0,35164800,21084.691
13,115.2,35251200,27029.827
14,116.1,35337600,77793.594
15,116.7,35424000,24166.612
16,118.0,35510400,40417.3
17,115.3,35596800,31700.593
18,115.6,35683200,17682.876
19,116.6,35769600,17287.171
20,114.7,35856000,13837.853
21,114.7,35942400,28252.406
22,115.7,36028800,23419.687
23,112.1,36115200,35368.587
24,111.9,36201600,21059.757
25,113.2,36288000,17662.873
26,113.8,36374400,11827.762
27,116.4,36460800,20725.449
28,114.9,36547200,36462.586
29,113.9,36633600,29794.614
30,113.2,36720000,34303.537
0,113.4,36806400,19159.636
1,114.9,36892800,27534.325
2,114.9,36979200,15120.556
3,115.7,37065600,36263.798
4,108.7,37152000,61000.736
5,114.9,37238400,50108.608
6,111.1,37324800,52617.497
7,111.9,37411200,17049.471
8,110.8,37497600,25473.668
9,103.4,37584000,144691.226
10,102.8,37670400,28551.014
11,102.7,37756800,20099.816
12,105.3,37843200,31135.101
13,101.7,37929600,24515.355
14,104.9,38016000,29187.914
15,108.1,38102400,19696.143
16,106.7,38188800,20624.112
17,107.0,38275200,34258.436
18,106.8,38361600,22916.622
19,110.0,38448000,39355.486
20,135.9,38534400,541394.24
21,133.5,38620800,323358.509
22,182.2,38707200,787313.759
23,212.7,38793600,1004614.432
24,194.3,38880000,689870.809
25,223.7,38966400,926039.44
26,229.9,39052800,726957.415
27,225.1,39139200,732766.713
28,253.4,39225600,711269.162
29,304.2,39312000,1709900.031
0,291.3,39398400,540822.1
1,299.2,39484800,804213.704
2,292.2,39571200,387646.479
3,272.4,39657600,273833.464
4,272.0,39744000,495714.652
5,275.0,39830400,810940.702
6,278.3,39916800,399084.967
7,272.0,40003200,219928.773
8,265.6,40089600,173195.331
9,274.7,40176000,371744.555
10,274.0,40262400,132701.152
11,282.2,40348800,285425.87
12,273.9,40435200,424908.312
13,264.0,40521600,325720.084
14,253.3,40608000,172753.554
15,249.9,40694400,198980.26
16,241.9,40780800,207007.954
17,243.6,40867200,233675.865
18,244.0,40953600,120416.235
19,244.0,41040000,124497.663
20,246.1,41126400,66221.001
21,239.4,41212800,57879.993
22,249.5,41299200,124084.943
23,238.4,41385600,111892.757
24,237.1,41472000,75736.758
25,242.2,41558400,100177.318
26,245.2,41644800,90392.155
27,241.2,41731200,32584.434
28,241.8,41817600,36370.198
29,253.0,41904000,174533.317
30,247.9,41990400,147768.882
0,245.1,42076800,113455.653
1,229.1,42163200,199778.708
2,225.2,42249600,95401.706
3,227.7,42336000,95260.812
4,226.7,42422400,64492.181
5,223.1,42508800,54562.274
6,237.7,42595200,634275.11
7,238.4,42681600,365898.779
8,238.7,42768000,141822.198
9,231.9,42854400,201215.144
10,229.1,42940800,102086.482
11,228.7,43027200,40224.077
12,228.4,43113600,54576.186
13,230.2,43200000,50608.405
14,228.9,43286400,228794.828
15,208.2,43372800,227813.161
16,184.2,43459200,323267.821
17,187.5,43545600,185828.928
18,187.1,43632000,117199.248
19,188.9,43718400,76291.836
20,185.7,43804800,100809.243
21,184.9,43891200,74586.661
22,193.8,43977600,108545.338
23,194.2,44064000,77314.998
24,192.1,44150400,78762.277
25,190.1,44236800,24752.662
26,197.8,44323200,69886.295
27,190.7,44409600,75096.937
28,225.2,44496000,314215.08
29,215.9,44582400,168554.106
30,207.6,44668800,196869.487
0,199.6,44755200,113364.157
1,195.0,44841600,82618.204
2,196.1,44928000,62087.245
3,193.9,45014400,92638.647
4,192.1,45100800,64258.26
5,193.1,45187200,57399.186
6,193.6,45273600,70621.142
7,193.1,45360000,101658.822
8,193.1,45446400,45203.143
9,190.3,45532800,76889.394
10,184.2,45619200,112676.341
11,198.5,45705600,257812.89
12,199.6,45792000,154766.634
13,207.8,45878400,174611.16
14,217.2,45964800,245876.817
15,214.6,46051200,116619.659
16,209.9,46137600,105720.441
17,217.3,46224000,189941.395
18,218.7,46310400,100740.144
19,215.4,46396800,133808.869
20,208.5,46483200,101970.743
21,207.8,46569600,69681.963
22,208.2,46656000,40415.183
23,204.7,46742400,48724.087
24,210.5,46828800,77227.075
25,214.6,46915200,108582.482
26,229.4,47001600,246673.152
27,238.7,47088000,269639.013
28,235.0,47174400,143794.198
29,233.9,47260800,82412.878
0,242.3,47347200,108512.943
1,246.3,47433600,263100.247
2,230.3,47520000,195755.374
3,233.1,47606400,88354.197
4,230.9,47692800,82627.435
5,230.8,47779200,57289.916
6,230.2,47865600,58115.355
7,227.8,47952000,41168.992
8,218.4,48038400,92214.886
9,212.2,48124800,87818.448
10,214.1,48211200,87609.575
11,214.0,48297600,73624.828
12,217.2,48384000,82605.26
13,214.5,48470400,23391.75
14,215.1,48556800,29138.279
15,230.8,48643200,269226.067
16,226.4,48729600,104566.107
17,226.8,48816000,113316.715
18,227.3,48902400,81905.784
19,240.4,48988800,158204.575
20,244.0,49075200,96104.265
21,243.4,49161600,139159.29
22,262.0,49248000,214037.566
23,251.9,49334400,192549.224
24,254.2,49420800,99341.491
25,247.3,49507200,99382.2
26,239.3,49593600,73954.685
27,245.0,49680000,92960.818
28,246.1,49766400,55762.805
29,245.8,49852800,64211.538
30,244.9,49939200,96173.646
0,245.3,50025600,90863.418
1,235.5,50112000,111134.641
2,237.6,50198400,86161.05
3,240.4,50284800,31159.012
4,237.5,50371200,70650.137
5,242.8,50457600,56406.544
6,243.9,50544000,128431.431
7,245.5,50630400,54141.061
8,240.1,50716800,225713.45
9,239.7,50803200,116981.354
10,236.7,50889600,86120.727
11,236.6,50976000,52434.364
12,234.0,51062400,122764.008
13,232.0,51148800,87054.484
14,237.8,51235200,58741.236
15,234.0,51321600,111489.399
16,229.7,51408000,91590.327
17,227.3,51494400,35985.711
18,230.1,51580800,33559.191
19,226.2,51667200,43383.838
20,216.4,51753600,154187.987
21,223.8,51840000,71131.828
22,225.1,51926400,43231.356
23,226.4,52012800,51461.469
24,227.6,52099200,21887.642
25,226.8,52185600,36711.685
26,223.2,52272000,88941.72
27,223.3,52358400,41325.253
28,223.2,52444800,38927.198
29,221.4,52531200,22303.877
0,225.1,52617600,26586.403
1,228.2,52704000,38715.046
2,230.0,52790400,68569.404
3,252.3,52876800,324819.815
4,250.9,52963200,137206.9
5,244.6,53049600,208471.822
6,246.9,53136000,86344.827
7,253.5,53222400,73675.57
8,252.7,53308800,110203.83
9,251.1,53395200,48141.551
10,230.5,53481600,138972.545
11,231.8,53568000,52552.454
12,235.3,53654400,68695.59
13,237.3,53740800,75947.533
14,227.1,53827200,50604.886
15,229.8,53913600,30972.316
16,225.9,54000000,31205.928
17,228.1,54086400,59987.079
18,225.2,54172800,46284.005
19,229.5,54259200,107793.86
20,233.0,54345600,38331.684
21,238.2,54432000,112091.995
22,232.7,54518400,74175.248
23,228.9,54604800,60413.343
24,234.8,54691200,63107.223
25,229.3,54777600,114311.221
26,264.1,54864000,361613.654
27,261.5,54950400,344643.078
28,254.1,55036800,221162.311
29,270.5,55123200,309545.699
30,259.7,55209600,119553.935
0,267.8,55296000,99997.894
1,257.1,55382400,119838.559
2,234.0,55468800,214279.411
3,239.5,55555200,75102.078
4,239.3,55641600,95347.423
5,236.1,55728000,69369.673
6,232.5,55814400,59334.144
7,253.9,55900800,177168.555
8,244.8,55987200,146402.993
9,254.7,56073600,123823.464
10,276.1,56160000,291913.79
11,259.3,56246400,322116.121
12,254.1,56332800,133675.524
13,245.7,56419200,81778.381
14,250.2,56505600,68857.593
15,251.2,56592000,65919.31
16,244.2,56678400,108380.047
17,237.7,56764800,71104.092
18,236.8,56851200,76209.816
19,239.1,56937600,27061.285
20,236.9,57024000,31640.023
21,235.7,57110400,135875.313
22,229.6,57196800,112117.565
23,236.3,57283200,70102.531
24,236.6,57369600,45885.676
25,241.8,57456000,38870.822
26,243.7,57542400,42733.632
27,236.9,57628800,40037.91
28,241.3,57715200,47720.556
29,237.4,57801600,40063.404
30,234.3,57888000,70257.706
0,236.6,57974400,40860.138
1,236.3,58060800,22391.865
2,241.0,58147200,38262.955
3,235.2,58233600,71465.645
4,235.8,58320000,37484.432
5,235.2,58406400,53932.232
6,240.6,58492800,29816.611
7,244.6,58579200,43776.723
8,250.3,58665600,71398.511
9,247.8,58752000,33287.289
10,277.6,58838400,430299.996
11,280.5,58924800,267529.304
12,270.4,59011200,122646.429
13,280.7,59097600,247560.019
14,270.4,59184000,233683.38
15,274.2,59270400,198667.215
16,267.3,59356800,83607.423
17,270.6,59443200,37506.658
18,273.1,59529600,62070.974
19,265.2,59616000,122246.646
20,263.1,59702400,64106.107
21,260.4,59788800,51094.497
22,264.7,59875200,53742.343
23,267.7,59961600,37881.143
24,267.9,60048000,42202.093
25,274.7,60134400,79611.431
26,292.8,60220800,472705.312
27,296.4,60307200,307986.359
28,297.6,60393600,357337.47
0,316.3,60480000,170705.249
1,501.1,60566400,1102649.19
2,470.5,60652800,641629.384
3,473.5,60739200,485575.614
4,401.0,60825600,431605.458
5,415.8,60912000,209890.51
6,432.1,60998400,187382.546
7,436.5,61084800,194407.486
8,432.2,61171200,155696.291
9,423.4,61257600,146516.648
10,448.4,61344000,232768.146
11,435.0,61430400,270855.788
12,442.5,61516800,231275.949
13,440.5,61603200,372276.878
14,416.7,61689600,193041.267
15,388.6,61776000,122231.602
16,402.6,61862400,125845.582
17,401.0,61948800,113797.978
18,358.8,62035200,203229.273
19,410.0,62121600,193584.598
20,414.4,62208000,197366.156
21,431.4,62294400,195896.538
22,455.9,62380800,311308.987
23,485.1,62467200,284452.212
24,487.4,62553600,313321.647
25,479.3,62640000,158989.486
26,539.1,62726400,508240.321
27,567.4,62812800,351119.576
28,620.6,62899200,403682.722
29,597.6,62985600,137919.778
30,678.7,63072000,272976.627
0,647.6,63158400,432766.705
1,639.0,63244800,334867.063
2,592.8,63331200,352889.583
3,665.4,63417600,558864.969
4,657.3,63504000,521720.668
5,693.9,63590400,527039.099
6,684.8,63676800,166595.478
7,681.4,63763200,203752.839
8,671.8,63849600,244522.655
9,629.2,63936000,303286.498
10,614.2,64022400,97400.254
11,533.2,64108800,277284.701
12,479.6,64195200,310810.007
13,525.7,64281600,226882.955
14,508.3,64368000,234628.342
15,486.9,64454400,199190.727
16,463.9,64540800,127098.091
17,483.0,64627200,84325.23
18,476.8,64713600,121845.411
19,515.4,64800000,97746.418
20,502.2,64886400,54528.182
21,522.7,64972800,60480.944
22,505.0,65059200,57725.747
23,479.4,65145600,82120.511
24,478.1,65232000,69775.358
25,482.4,65318400,47250.073
26,477.1,65404800,50248.3
27,470.5,65491200,30354.967
28,465.1,65577600,56862.53
29,434.1,65664000,115595.853
0,424.8,65750400,123445.69
1,429.0,65836800,50861.942
2,452.6,65923200,61238.56
3,462.8,66009600,64901.955
4,469.0,66096000,29910.846
5,473.1,66182400,59984.362
6,470.9,66268800,77311.278
7,448.2,66355200,73563.781
8,454.8,66441600,42676.019
9,426.6,66528000,57408.003
10,429.5,66614400,38817.664
11,433.0,66700800,16312.883
12,437.5,66787200,48725.138
13,429.1,66873600,40060.733
14,463.7,66960000,60865.846
15,444.8,67046400,36934.91
16,466.5,67132800,93051.632
17,475.4,67219200,73575.835
18,484.9,67305600,86821.512
19,517.9,67392000,117801.398
20,515.0,67478400,142481.672
21,499.0,67564800,73263.527
22,491.2,67651200,87911.551
23,494.9,67737600,54448.921
24,493.6,67824000,37974.681
25,484.0,67910400,41700.753
26,489.6,67996800,35570.357
27,470.4,68083200,80456.843
28,465.8,68169600,41494.844
29,465.1,68256000,33226.043
30,454.8,68342400,36233.256
0,463.5,68428800,15542.057
1,458.3,68515200,22551.466
2,464.9,68601600,36878.02
3,477.0,68688000,49625.885
4,495.2,68774400,47356.332
5,496.1,68860800,56909.874
6,477.6,68947200,112336.718
7,469.5,69033600,47932.315
8,474.6,69120000,19116.672
9,469.1,69206400,29413.715
10,446.2,69292800,64910.15
11,454.2,69379200,54702.676
12,431.7,69465600,58576.407
13,422.9,69552000,58451.656
14,430.1,69638400,26177.131
15,428.4,69724800,22347.059
16,419.7,69811200,54034.759
17,389.2,69897600,112632.025
18,388.9,69984000,35558.051
19,389.8,70070400,40354.251
20,383.0,70156800,46883.277
21,392.1,70243200,26928.599
22,381.1,70329600,26081.115
23,363.8,70416000,94725.959
24,388.6,70502400,76738.731
25,374.0,70588800,52720.322
26,389.0,70675200,46924.314
27,386.0,70761600,67553.476
28,380.9,70848000,22719.815
29,394.0,70934400,20405.184
0,384.6,71020800,26682.023
1,382.1,71107200,23202.276
2,373.2,71193600,30944.581
3,331.4,71280000,91812.673
4,325.5,71366400,157825.595
5,342.9,71452800,42575.469
6,312.7,71539200,35767.798
7,333.5,71625600,64121.59
8,331.1,71712000,30953.188
9,340.3,71798400,39873.019
10,347.1,71884800,67116.21
11,368.9,71971200,38731.96
12,375.6,72057600,56019.085
13,376.6,72144000,52861.191
14,400.2,72230400,52218.022
15,387.1,72316800,86994.926
16,375.1,72403200,74347.203
17,382.8,72489600,51126.184
18,391.4,72576000,60095.154
19,395.5,72662400,27968.6
20,401.3,72748800,40563.724
21,385.9,72835200,45420.815
22,366.5,72921600,76251.474
23,362.4,73008000,40900.33
24,361.4,73094400,67584.522
25,377.3,73180800,34611.408
26,392.4,73267200,58201.825
27,416.8,73353600,96659.636
28,439.0,73440000,144369.021
29,432.4,73526400,98813.806
30,413.9,73612800,69143.858
0,413.3,73699200,66496.798
1,381.6,73785600,65059.105
2,364.4,73872000,63097.818
3,332.5,73958400,99325.458
4,309.9,74044800,309239.202
5,315.0,74131200,119116.007
6,312.4,74217600,63735.526
7,353.1,74304000,114887.392
8,347.6,74390400,93404.989
9,354.9,74476800,34079.0
10,330.2,74563200,25718.954
11,354.9,74649600,82969.97
12,351.7,74736000,63188.202
13,337.7,74822400,44204.927
14,334.3,74908800,46218.338
15,338.2,74995200,86342.629
16,341.3,75081600,31169.227
17,333.1,75168000,24835.24
18,338.0,75254400,23449.473
19,335.2,75340800,51804.157
20,349.4,75427200,75647.098
21,346.8,75513600,28477.576
22,365.1,75600000,47960.348
23,363.6,75686400,36840.788
24,356.3,75772800,45767.255
25,342.3,75859200,69526.523
26,324.2,75945600,45055.641
27,322.1,76032000,47247.718
28,322.5,76118400,25674.625
29,324.9,76204800,26233.689
30,322.4,76291200,9991.838
0,312.7,76377600,18767.351
1,323.7,76464000,31088.343
2,308.9,76550400,62875.806
3,315.2,76636800,44742.701
4,307.6,76723200,24052.7
5,295.0,76809600,51998.992
6,299.4,76896000,24333.15
7,305.4,76982400,19916.176
8,322.2,77068800,35098.296
9,329.5,77155200,34693.242
10,337.6,77241600,46519.441
11,333.0,77328000,37359.979
12,335.5,77414400,28798.904
13,327.0,77500800,18588.306
14,316.4,77587200,26702.408
15,311.8,77673600,31470.281
16,314.3,77760000,26210.359
17,327.0,77846400,40596.043
18,340.0,77932800,109539.269
19,335.8,78019200,50785.321
20,345.5,78105600,26013.128
21,342.6,78192000,23322.229
22,342.0,78278400,35302.721
23,348.0,78364800,50996.116
24,343.5,78451200,44952.297
25,351.8,78537600,47980.221
26,358.8,78624000,56981.37
27,352.3,78710400,40850.287
28,352.6,78796800,35946.43
29,337.2,78883200,41371.641
0,317.8,78969600,67265.845
1,316.1,79056000,41890.943
2,320.3,79142400,45637.24
3,324.8,79228800,34666.103
4,321.8,79315200,17626.623
5,324.6,79401600,13598.935
6,323.7,79488000,61609.359
7,329.1,79574400,38980.417
8,320.6,79660800,26568.695
9,323.0,79747200,28703.27
10,327.0,79833600,21959.354
11,329.2,79920000,18798.086
12,321.3,80006400,20785.631
13,369.6,80092800,117572.278
14,354.7,80179200,153079.095
15,365.6,80265600,108696.072
16,369.7,80352000,74433.261
17,367.3,80438400,62474.544
18,363.3,80524800,25484.622
19,369.9,80611200,45282.15
20,363.6,80697600,55252.243
21,357.3,80784000,33845.393
22,348.1,80870400,37884.76
23,367.9,80956800,86440.166
24,349.1,81043200,84956.023
25,348.0,81129600,23066.772
26,352.2,81216000,19246.264
27,365.3,81302400,48891.891
28,386.1,81388800,99948.875
29,368.9,81475200,93514.486
30,358.9,81561600,117379.024
0,349.6,81648000,49669.874
1,353.7,81734400,41864.411
2,340.1,81820800,58550.997
3,329.2,81907200,64677.331
4,342.9,81993600,48597.015
5,378.4,82080000,157446.699
6,377.5,82166400,69185.692
7,377.0,82252800,79484.476
8,405.0,82339200,107552.684
9,441.3,82425600,266010.597
10,472.6,82512000,206008.655
11,432.3,82598400,236775.383
12,439.4,82684800,216594.094
13,415.0,82771200,135347.986
14,431.6,82857600,90753.293
15,461.7,82944000,169316.704
16,433.1,83030400,173129.957
17,452.5,83116800,115691.606
18,446.8,83203200,93371.82
19,439.9,83289600,71308.954
20,484.4,83376000,465856.503
21,490.5,83462400,167475.843
22,510.1,83548800,350436.88
23,515.2,83635200,178534.661
24,491.9,83721600,175587.534
25,492.2,83808000,105105.978
26,517.4,83894400,140364.665
27,511.1,83980800,114526.217
28,518.3,84067200,82876.697
29,525.9,84153600,136173.692
0,532.0,84240000,121566.902
1,538.3,84326400,345917.604
2,585.6,84412800,325737.133
3,583.7,84499200,301050.337
4,588.6,84585600,347262.495
5,618.6,84672000,211193.935
6,607.6,84758400,110729.61
7,622.3,84844800,111609.534
8,551.5,84931200,233104.499
9,516.2,85017600,205080.318
10,546.6,85104000,110326.96
11,540.1,85190400,84599.178
12,542.5,85276800,52272.34
13,534.0,85363200,51294.246
14,546.2,85449600,48442.162
15,538.1,85536000,71069.409
16,529.9,85622400,64058.713
17,480.4,85708800,107217.708
18,438.7,85795200,142735.545
19,449.2,85881600,162809.987
20,456.1,85968000,99052.004
21,445.8,86054400,62012.774
22,460.9,86140800,72723.234
23,470.3,86227200,46815.964
24,465.4,86313600,36949.757
25,437.3,86400000,35051.619
26,441.3,86486400,41854.884
27,451.6,86572800,17568.1
28,439.1,86659200,20635.72
29,444.0,86745600,44107.518
30,434.5,86832000,41352.763
0,450.5,1734127142400,44553.896
1,461.7,1734213542400,39016.455
2,473.9,1734299942400,37519.247
3,478.9,1734386342400,53145.46
4,470.9,1734472742400,23617.335
5,483.0,1734559142400,41803.503
6,436.9,1734645542400,72470.773
7,434.4,1734731942400,53854.644
8,421.9,1734818342400,38248.776
9,450.1,1734904742400,68266.424
10,441.0,1734991142400,20797.216
11,447.9,1735077542400,53073.334
12,428.0,1735163942400,61397.623
13,437.9,1735250342400,32409.139
14,460.3,1735336742400,51042.809
15,461.7,1735423142400,89200.329
16,489.4,1735509542400,87609.281
17,466.4,1735595942400,91366.892
18,427.7,1735682342400,105200.665
19,430.9,1735768742400,138831.122
20,446.5,1735855142400,51102.622
21,435.4,1735941542400,27376.852
22,437.3,1736027942400,49328.636
23,432.0,1736114342400,39003.015
24,445.4,1736200742400,42792.866
25,425.2,1736287142400,21499.955
26,427.6,1736373542400,71845.878
27,410.5,1736459942400,23060.808
28,415.0,1736546342400,29165.449
29,434.7,1736632742400,40066.393
30,424.2,1736719142400,55827.366
0,404.0,1736805542400,40112.879
1,360.4,1736891942400,121215.183
2,353.2,1736978342400,347965.553
3,329.7,1737064742400,84013.259
4,328.0,1737151142400,46120.867
5,316.2,1737237542400,40946.188
6,318.6,1737323942400,45116.082
7,323.1,1737410342400,17735.813
8,324.5,1737496742400,33479.489
9,329.3,1737583142400,35027.459
10,331.4,1737669542400,35065.303
11,343.1,1737755942400,47326.122
12,335.0,1737842342400,29908.421
13,341.5,1737928742400,31536.683
14,332.9,1738015142400,16957.322
15,326.3,1738101542400,15851.079
16,323.8,1738187942400,49287.459
17,316.3,1738274342400,37198.769
18,322.8,1738360742400,27204.96
19,325.9,1738447142400,20291.238
20,313.8,1738533542400,28051.526
21,320.9,1738619942400,18231.037
22,327.8,1738706342400,27817.291
23,291.5,1738792742400,59585.941
24,291.8,1738879142400,85133.301
25,294.0,1738965542400,56638.503
26,296.8,1739051942400,33568.122
27,315.8,1739138342400,117975.321
0,311.4,1739224742400,51185.051
1,334.2,1739311142400,116420.703
2,321.3,1739397542400,230536.197
3,320.5,1739483942400,125256.19
4,392.2,1739570342400,371605.547
5,395.0,1739656742400,198925.873
6,389.0,1739743142400,169510.238
7,385.9,1739829542400,64530.725
8,357.5,1739915942400,74306.294
9,331.7,1740002342400,96571.547
10,340.2,1740088742400,79397.781
11,354.0,1740175142400,99152.327
12,325.9,1740261542400,46519.058
13,331.4,1740347942400,65046.263
14,342.3,1740434342400,210973.457
15,332.9,1740520742400,36851.361
16,337.5,1740607142400,35104.02
17,335.3,1740693542400,35380.791
18,345.3,1740779942400,48205.129
19,333.8,1740866342400,45100.349
20,323.2,1740952742400,40086.343
21,322.4,1741039142400,22669.174
22,325.4,1741125542400,23856.987
23,332.5,1741211942400,39858.979
24,336.0,1741298342400,39064.765
25,335.1,1741384742400,85556.732
26,324.7,1741471142400,49687.401
27,307.7,1741557542400,35278.042
28,303.3,1741643942400,27689.899
29,299.2,1741730342400,24186.933
30,303.5,1741816742400,58453.875
0,308.1,1741903142400,35726.95
1,293.0,1741989542400,73469.756
2,301.3,1742075942400,54662.45
3,301.4,1742162342400,43123.868
4,304.1,1742248742400,15461.303
5,272.2,1742335142400,56611.326
6,275.4,1742421542400,88888.61
7,269.2,1742507942400,38724.576
8,301.4,1742594342400,84182.799
9,289.8,1742680742400,36769.936
10,312.9,1742767142400,78188.394
11,344.7,1742853542400,80210.878
12,342.8,1742939942400,43455.549
13,323.6,1743026342400,89607.553
14,319.6,1743112742400,51537.035
15,321.6,1743199142400,28670.514
16,334.0,1743285542400,47653.836
17,335.0,1743371942400,32464.916
18,335.4,1743458342400,14217.261
19,336.1,1743544742400,27170.606
20,345.0,1743631142400,46746.311
21,362.3,1743717542400,82331.517
22,358.3,1743803942400,61558.221
23,356.7,1743890342400,103046.636
24,373.1,1743976742400,102987.973
25,355.4,1744063142400,54881.373
26,345.5,1744149542400,46972.594
27,364.1,1744235942400,59935.047
28,363.8,1744322342400,72593.636
29,366.1,1744408742400,46643.859
0,360.8,1744495142400,37888.917
1,382.8,1744581542400,76273.509
2,362.7,1744667942400,48350.15
3,356.2,1744754342400,41601.952
4,353.3,1744840742400,25766.821
5,374.6,1744927142400,77302.329
6,383.5,1745013542400,99412.597
7,421.8,1745099942400,156646.916
8,413.7,1745186342400,106699.74
9,431.2,1745272742400,61314.569
10,408.4,1745359142400,52024.634
11,410.8,1745445542400,66511.317
12,411.2,1745531942400,38880.608
13,402.7,1745618342400,32396.364
14,396.1,1745704742400,50236.8
15,395.9,1745791142400,27132.16
16,392.3,1745877542400,30414.328
17,406.5,1745963942400,37753.83
18,392.7,1746050342400,36738.028
19,394.1,1746136742400,21143.562
20,407.2,1746223142400,42819.45
21,444.4,1746309542400,107258.217
22,426.4,1746395942400,102905.575
23,421.4,1746482342400,24777.968
24,422.7,1746568742400,27101.743
25,415.4,1746655142400,25935.841
26,414.6,1746741542400,25926.633
27,424.8,1746827942400,28637.537
28,409.6,1746914342400,31238.374
29,398.4,1747000742400,37741.864
30,415.0,1747087142400,48950.752
0,403.4,1747173542400,20000.137
1,403.6,1747259942400,17796.181
2,400.7,1747346342400,19108.809
3,400.2,1747432742400,16472.876
4,385.0,1747519142400,36244.261
5,395.6,1747605542400,35734.452
6,409.4,1747691942400,38699.571
7,410.8,1747778342400,24440.277
8,424.9,1747864742400,37221.322
9,438.2,1747951142400,86515.816
10,428.9,1748037542400,106365.549
11,424.0,1748123942400,37375.468
12,448.7,1748210342400,91918.58
13,430.9,1748296742400,34424.81
14,460.4,1748383142400,75780.609
15,463.7,1748469542400,84831.992
16,462.6,1748555942400,85599.488
17,459.7,1748642342400,49330.154
18,497.1,1748728742400,136996.729
19,473.7,1748815142400,83574.092
20,467.3,1748901542400,44332.58
21,454.9,1748987942400,162641.385
22,462.7,1749074342400,73916.037
23,453.8,1749160742400,52913.653
24,482.8,1749247142400,123078.933
25,489.2,1749333542400,74856.578
26,504.8,1749419942400,69937.872
27,491.0,1749506342400,33933.251
28,504.5,1749592742400,42443.137
29,505.7,1749679142400,68960.109
0,500.2,1749765542400,95849.299
1,510.9,1749851942400,44958.517
2,496.4,1749938342400,53299.198
3,483.9,1750024742400,50309.419
4,489.3,1750111142400,22673.019
5,491.5,1750197542400,24353.735
6,496.6,1750283942400,26412.364
7,501.1,1750370342400,30667.256
8,514.5,1750456742400,50698.16
9,518.4,1750543142400,67726.536
10,531.5,1750629542400,75313.609
11,506.3,1750715942400,54446.243
12,508.0,1750802342400,53421.991
13,504.9,1750888742400,55081.924
14,497.9,1750975142400,41908.422
15,498.7,1751061542400,44220.24
16,500.0,1751147942400,48551.577
17,514.5,1751234342400,119750.317
18,513.1,1751320742400,46244.337
19,548.0,1751407142400,108500.905
20,522.6,1751493542400,170042.922
21,526.1,1751579942400,69803.008
22,512.2,1751666342400,71635.653
23,513.0,1751752742400,130810.703
24,557.3,1751839142400,171946.478
25,559.1,1751925542400,35736.241
26,590.0,1752011942400,134446.939
27,572.6,1752098342400,116811.607
28,564.2,1752184742400,59556.726
29,590.1,1752271142400,77233.16
30,561.5,1752357542400,62659.315
0,536.2,1752443942400,60868.686
1,520.2,1752530342400,28246.051
2,544.2,1752616742400,22055.577
3,574.5,1752703142400,59696.97
4,551.8,1752789542400,72354.106
5,571.1,1752875942400,35713.657
6,582.2,1752962342400,191182.855
7,586.0,1753048742400,34369.08
8,566.1,1753135142400,37699.87
9,570.5,1753221542400,44724.008
10,578.5,1753307942400,81323.391
11,618.8,1753394342400,108077.277
12,616.2,1753480742400,123882.679
13,593.2,1753567142400,90929.522
14,592.5,1753653542400,33935.026
15,587.3,1753739942400,18199.24
16,582.0,1753826342400,21580.669
17,568.8,1753912742400,30721.151
18,548.5,1753999142400,27576.515
19,560.9,1754085542400,29304.046
20,554.7,1754171942400,23171.963
21,599.8,1754258342400,66814.965
22,591.3,1754344742400,36268.322
23,583.2,1754431142400,29071.398
24,543.6,1754517542400,46152.479
25,550.9,1754603942400,59689.001
26,550.2,1754690342400,49634.208
27,557.9,1754776742400,20413.265
28,530.7,1754863142400,91087.191
29,552.8,1754949542400,38450.048
30,544.2,1755035942400,22285.821
0,545.1,1755122342400,39807.815
1,584.7,1755208742400,85623.251
2,603.7,1755295142400,132537.686
3,586.6,1755381542400,52590.844
4,606.8,1755467942400,153538.911
5,595.3,1755554342400,102093.53
6,603.2,1755640742400,23119.197
7,588.4,1755727142400,94263.031
8,580.5,1755813542400,62742.771
9,581.1,1755899942400,48566.109
10,596.4,1755986342400,65679.152
11,598.3,1756072742400,39108.596
12,598.5,1756159142400,30294.454
13,601.6,1756245542400,50172.323
14,593.7,1756331942400,41905.517
15,598.8,1756418342400,20308.14
16,616.7,1756504742400,56876.096
17,624.4,1756591142400,104972.479
18,600.6,1756677542400,51420.182
19,594.5,1756763942400,18318.968
20,593.6,1756850342400,11037.133
21,567.1,1756936742400,41757.036
22,556.7,1757023142400,38572.096
23,556.4,1757109542400,21315.882
24,536.5,1757195942400,41678.736
25,548.1,1757282342400,22936.742
26,543.7,1757368742400,6722.933
27,556.4,1757455142400,20975.3
28,561.0,1757541542400,17868.091
29,560.6,1757627942400,19237.268
0,592.8,1757714342400,39731.767
1,594.5,1757800742400,47411.802
2,608.5,1757887142400,37951.908
3,589.9,1757973542400,20534.869
4,594.2,1758059942400,30815.17
5,598.8,1758146342400,17978.129
6,576.2,1758232742400,28936.468
7,583.1,1758319142400,13300.528
8,580.0,1758405542400,24992.372
9,513.5,1758491942400,158421.141
10,500.1,1758578342400,76072.051
11,540.7,1758664742400,53846.725
12,546.5,1758751142400,32077.736
13,538.0,1758837542400,138364.629
14,522.2,1758923942400,23601.449
15,504.8,1759010342400,29780.766
16,469.8,1759096742400,109617.497
17,468.5,1759183142400,24439.907
18,472.7,1759269542400,38553.232
19,478.7,1759355942400,39713.623
20,480.8,1759442342400,115892.321
21,473.2,1759528742400,32576.111
22,480.3,1759615142400,181958.644
23,503.2,1759701542400,54287.727
24,508.2,1759787942400,50338.594
25,559.4,1759874342400,100673.139
26,555.6,1759960742400,86828.777
27,557.6,1760047142400,150063.487
28,555.6,1760133542400,75881.151
29,541.2,1760219942400,78455.106
30,535.1,1760306342400,79423.966
0,554.0,1760392742400,57782.0
1,536.9,1760479142400,53863.402
2,505.9,1760565542400,63621.999
3,480.0,1760651942400,70285.875
4,489.1,1760738342400,25353.458
5,472.9,1760824742400,23718.467
6,512.3,1760911142400,186171.869
7,495.8,1760997542400,20711.574
8,503.5,1761083942400,30337.769
9,517.6,1761170342400,33742.937
10,505.7,1761256742400,74373.851
11,507.4,1761343142400,42374.514
12,509.3,1761429542400,83367.445
13,479.6,1761515942400,52378.561
14,502.5,1761602342400,53795.099
15,483.4,1761688742400,26967.15
16,490.8,1761775142400,42251.379
17,523.2,1761861542400,101787.353
18,486.4,1761947942400,58385.656
19,480.8,1762034342400,77540.035
20,533.5,1762120742400,171524.787
21,556.7,1762207142400,152643.725
22,539.3,1762293542400,66458.993
23,549.3,1762379942400,67672.654
24,527.3,1762466342400,51763.364
25,543.7,1762552742400,118543.402
26,532.7,1762639142400,51401.123
27,548.6,1762725542400,180678.262
28,521.5,1762811942400,89057.137
29,540.8,1762898342400,82833.151
0,523.2,1762984742400,94571.734
1,545.3,1763071142400,84212.038
2,590.6,1763157542400,143540.998
3,574.9,1763243942400,57320.174
4,559.6,1763330342400,42663.376
5,583.5,1763416742400,49121.844
6,598.5,1763503142400,41420.536
7,579.1,1763589542400,36561.435
8,585.0,1763675942400,96628.13
9,572.6,1763762342400,96044.058
10,574.3,1763848742400,45546.917
11,581.9,1763935142400,59279.981
12,579.9,1764021542400,19244.263
13,558.3,1764107942400,30902.916
14,536.1,1764194342400,50432.952
15,546.3,1764280742400,39953.943
16,546.7,1764367142400,51341.419
17,565.9,1764453542400,101010.714
18,624.9,1764539942400,97388.929
19,592.1,1764626342400,62967.314
20,591.1,1764712742400,30621.097
21,590.4,1764799142400,63563.171
22,572.5,1764885542400,33806.856
23,568.7,1764971942400,46526.491
24,589.8,1765058342400,42451.451
25,594.9,1765144742400,51345.087
26,623.4,1765231142400,41932.253
27,622.4,1765317542400,53213.955
28,599.2,1765403942400,103775.537
29,595.8,1765490342400,67362.527
30,599.5,1765576742400,27177.493
