,close,time,volume
0,447.7,0,971822.655
1,437.2,86400,827864.885
2,450.4,172800,676230.892
3,447.6,259200,736637.271
4,444.7,345600,761168.725
5,420.1,432000,928930.806
6,436.0,518400,717661.036
7,421.5,604800,684600.074
8,426.6,691200,356426.659
9,418.1,777600,386650.883
10,394.6,864000,856354.224
11,413.6,950400,729790.918
12,423.4,1036800,630077.277
13,414.7,1123200,464220.208
14,417.3,1209600,331730.773
15,417.3,1296000,237289.02
16,406.6,1382400,302390.726
17,416.8,1468800,628747.772
18,422.3,1555200,567586.931
19,418.4,1641600,677255.09
20,404.9,1728000,771718.154
21,406.6,1814400,563521.049
22,401.1,1900800,339347.45
23,398.8,1987200,322889.805
24,404.3,2073600,849798.678
25,385.9,2160000,629808.812
26,391.3,2246400,567371.495
27,407.1,2332800,946336.334
28,393.0,2419200,694888.526
29,377.1,2505600,574905.822
0,389.9,2592000,564144.673
1,389.5,2678400,454918.112
2,383.9,2764800,388317.42
3,402.6,2851200,599066.682
4,378.4,2937600,1224114.512
5,379.1,3024000,702441.419
6,365.5,3110400,554852.531
7,355.9,3196800,785184.087
8,296.1,3283200,2137566.8702
9,319.1,3369600,2160654.1754
10,271.5,3456000,3387753.9826
11,269.0,3542400,4499625.6033
12,290.6,3628800,1912387.361
13,296.9,3715200,1092874.023
14,312.4,3801600,774709.231
15,297.2,3888000,967622.834
16,306.2,3974400,702265.607
17,287.7,4060800,731091.091
18,307.1,4147200,685238.844
19,302.2,4233600,918118.177
20,312.4,4320000,470778.483
21,319.4,4406400,640675.573
22,317.2,4492800,1016212.871
23,328.3,4579200,1087140.698
24,325.7,4665600,1057736.755
25,303.0,4752000,1539437.598
26,301.6,4838400,1460549.008
27,307.5,4924800,601654.504
28,305.8,5011200,519507.747
29,321.8,5097600,1006928.231
30,320.9,5184000,701746.39
0,300.4,5270400,817984.609
1,308.3,5356800,477670.4
2,298.6,5443200,468996.677
3,301.3,5529600,293533.108
4,299.1,5616000,269695.901
5,295.1,5702400,758590.86
6,290.3,5788800,969784.619
7,288.5,5875200,509510.455
8,289.9,5961600,335495.073
9,286.4,6048000,817523.364
10,269.9,6134400,584351.456
11,254.8,6220800,827755.035
12,223.0,6307200,2377589.4089
13,223.0,6393600,1922025.0844
14,233.6,6480000,2105397.5515
15,210.2,6566400,975592.873
16,215.8,6652800,690834.308
17,197.0,6739200,1404690.4959
18,215.1,6825600,1102166.171
19,216.5,6912000,880400.844
20,220.1,6998400,829003.565
21,214.4,7084800,690466.465
22,228.9,7171200,783796.952
23,240.2,7257600,707275.387
24,239.7,7344000,490948.31
25,233.9,7430400,456762.547
26,233.8,7516800,483616.798
27,226.9,7603200,632626.779
28,219.7,7689600,711780.691
29,219.6,7776000,791526.898
0,216.9,7862400,816261.885
1,218.3,7948800,342712.099
2,219.2,8035200,361103.065
3,231.5,8121600,514662.946
4,230.8,8208000,684927.621
5,238.6,8294400,644951.713
6,241.4,8380800,488193.225
7,240.7,8467200,643936.034
8,243.3,8553600,267778.165
9,234.7,8640000,396712.237
10,225.6,8726400,419335.067
11,220.6,8812800,410220.066
12,230.5,8899200,714589.61
13,238.5,8985600,577524.874
14,238.5,9072000,446513.822
15,249.8,9158400,423399.994
16,247.8,9244800,436448.547
17,264.1,9331200,747067.029
18,268.6,9417600,946386.94
19,258.2,9504000,771496.808
20,265.6,9590400,545140.272
21,262.4,9676800,508542.317
22,259.2,9763200,488326.247
23,261.4,9849600,333902.611
24,244.6,9936000,458768.533
25,249.4,10022400,365533.647
26,271.6,10108800,656773.695
27,277.2,10195200,669832.4
28,293.6,10281600,1077799.221
29,287.8,10368000,683111.103
30,283.4,10454400,564727.273
0,283.2,10540800,493847.804
1,283.8,10627200,627814.081
2,297.5,10713600,685924.62
3,311.8,10800000,808604.152
4,315.9,10886400,641807.573
5,315.2,10972800,394288.536
6,322.8,11059200,415090.183
7,324.9,11145600,580206.607
8,324.4,11232000,500589.395
9,328.8,11318400,831222.11
10,323.6,11404800,549578.328
11,327.9,11491200,384848.843
12,324.3,11577600,405066.252
13,317.6,11664000,378353.918
14,319.5,11750400,455916.278
15,316.1,11836800,370975.919
16,306.9,11923200,504236.732
17,298.1,12009600,409051.886
18,279.1,12096000,870296.511
19,283.7,12182400,513021.106
20,301.9,12268800,528156.209
21,300.0,12355200,638895.985
22,299.3,12441600,403374.952
23,296.4,12528000,344126.265
24,301.2,12614400,398617.06
25,279.6,12700800,594770.355
26,277.9,12787200,412732.716
27,276.5,12873600,312819.026
28,285.9,12960000,481690.832
29,281.6,13046400,436765.765
30,279.2,13132800,388909.545
0,278.3,13219200,415193.212
1,277.5,13305600,321409.948
2,277.8,13392000,148504.883
3,279.1,13478400,193440.808
4,276.9,13564800,258958.149
5,262.5,13651200,640922.531
6,278.9,13737600,431827.218
7,280.5,13824000,385559.749
8,293.4,13910400,541869.409
9,296.7,13996800,328332.542
10,295.3,14083200,261093.945
11,294.1,14169600,408686.168
12,277.4,14256000,578322.33
13,279.3,14342400,424974.985
14,271.1,14428800,520635.261
15,274.9,14515200,311737.818
16,279.1,14601600,189707.951
17,266.2,14688000,327883.908
18,271.9,14774400,508029.19
19,266.3,14860800,335455.454
20,264.0,14947200,535775.821
21,275.3,15033600,339390.821
22,276.7,15120000,363390.805
23,274.4,15206400,324988.432
24,274.3,15292800,220895.598
25,276.1,15379200,267919.665
26,272.3,15465600,406749.835
27,281.6,15552000,357981.397
28,284.1,15638400,301167.344
29,284.8,15724800,391981.587
0,282.9,15811200,196754.497
1,284.7,15897600,200690.251
2,286.9,15984000,275974.883
3,296.2,16070400,321841.165
4,294.2,16156800,221018.685
5,287.0,16243200,450036.833
6,282.3,16329600,354485.961
7,276.4,16416000,183653.119
8,278.2,16502400,171008.247
9,271.5,16588800,216924.869
10,271.4,16675200,222137.683
11,270.9,16761600,167816.904
12,271.6,16848000,540797.212
13,269.4,16934400,298386.918
14,268.2,17020800,144084.716
15,272.5,17107200,185597.074
16,275.6,17193600,187187.58
17,273.1,17280000,195691.117
18,272.0,17366400,153657.96
19,269.0,17452800,166135.496
20,270.1,17539200,195432.212
21,270.4,17625600,84044.883
22,276.0,17712000,134390.843
23,274.1,17798400,154182.094
24,284.2,17884800,387523.125
25,290.2,17971200,316408.936
26,286.7,18057600,315734.808
27,297.9,18144000,416648.243
28,304.4,18230400,553646.125
29,313.5,18316800,538624.403
30,325.7,18403200,1047801.477
0,323.9,18489600,550045.706
1,320.2,18576000,561329.564
2,329.5,18662400,622354.86
3,354.6,18748800,751709.582
4,349.2,18835200,411760.064
5,337.9,18921600,390974.879
6,337.0,19008000,740465.512
7,327.4,19094400,3103916.384
8,267.3,19180800,1901075.899
9,304.0,19267200,1411238.91
10,290.4,19353600,695145.641
11,282.8,19440000,545359.355
12,276.4,19526400,442278.921
13,279.0,19612800,818725.897
14,277.0,19699200,445565.664
15,271.8,19785600,402896.799
16,267.9,19872000,367805.83
17,274.1,19958400,277946.366
18,272.6,20044800,194104.28
19,264.2,20131200,306587.581
20,253.9,20217600,581026.19
21,266.7,20304000,357164.445
22,298.8,20390400,1224050.689
23,300.2,20476800,550792.655
24,300.8,20563200,465733.483
25,311.4,20649600,569578.773
26,307.6,20736000,310095.845
27,293.5,20822400,603763.83
28,295.4,20908800,422502.385
29,300.6,20995200,467009.694
0,292.3,21081600,798867.735
1,293.4,21168000,364102.285
2,290.4,21254400,234377.055
3,291.8,21340800,244356.783
4,288.4,21427200,294958.79
5,290.2,21513600,247911.347
6,284.2,21600000,361435.528
7,290.4,21686400,281655.085
8,286.0,21772800,308418.725
9,288.2,21859200,148922.633
10,284.4,21945600,206340.146
11,276.1,22032000,507509.835
12,272.2,22118400,1309642.684
13,267.7,22204800,580082.911
14,258.8,22291200,350889.164
15,231.2,22377600,876900.031
16,242.1,22464000,788798.493
17,251.0,22550400,526139.427
18,240.4,22636800,408787.202
19,251.4,22723200,320509.026
20,246.2,22809600,195051.385
21,245.8,22896000,246104.196
22,246.2,22982400,175280.013
23,244.5,23068800,96773.731
24,243.2,23155200,125016.877
25,244.3,23241600,117117.968
26,246.7,23328000,196642.12
27,244.5,23414400,208632.342
28,246.3,23500800,161959.266
29,245.8,23587200,128406.533
30,246.3,23673600,134141.311
0,244.4,23760000,109450.117
1,245.2,23846400,173452.9
2,246.1,23932800,115059.991
3,258.9,24019200,370055.082
4,256.7,24105600,145297.963
5,259.9,24192000,199497.076
6,261.3,24278400,115152.77
7,274.9,24364800,237308.89
8,272.6,24451200,437828.428
9,277.1,24537600,259938.562
10,284.8,24624000,266107.304
11,287.7,24710400,391553.641
12,293.7,24796800,313541.811
13,305.1,24883200,706402.087
14,302.2,24969600,288696.868
15,299.0,25056000,350990.993
16,299.4,25142400,279993.876
17,286.7,25228800,621064.665
18,294.6,25315200,215522.146
19,305.1,25401600,423829.136
20,299.0,25488000,508000.024
21,303.0,25574400,388815.192
22,305.1,25660800,301946.005
23,300.3,25747200,629758.279
24,306.9,25833600,447238.539
25,304.7,25920000,342344.705
26,308.0,26006400,271326.79
27,306.1,26092800,229517.8
28,317.2,26179200,430698.673
29,307.2,26265600,413716.212
30,312.0,26352000,278061.958
0,317.0,26438400,390978.523
1,323.5,26524800,587655.881
2,332.2,26611200,579577.162
3,330.4,26697600,212109.626
4,327.8,26784000,396514.711
5,324.3,26870400,290965.0
6,333.0,26956800,265904.833
7,328.2,27043200,286865.867
8,306.2,27129600,564612.572
9,305.8,27216000,295784.976
10,310.4,27302400,154488.761
11,312.6,27388800,291500.27
12,294.3,27475200,1065985.594
13,296.2,27561600,494698.654
14,317.4,27648000,465921.943
15,304.4,27734400,858141.89
16,313.0,27820800,508736.193
17,316.5,27907200,282485.39
18,311.5,27993600,336004.274
19,315.4,28080000,514483.797
20,311.5,28166400,385161.297
21,312.4,28252800,368344.986
22,308.3,28339200,300641.241
23,302.3,28425600,328726.4
24,302.4,28512000,178538.408
25,308.7,28598400,151419.166
26,304.6,28684800,234405.821
27,301.4,28771200,186649.192
0,302.7,28857600,200883.893
1,299.8,28944000,200964.842
2,290.4,29030400,266627.564
3,289.6,29116800,127846.865
4,288.7,29203200,128456.559
5,287.8,29289600,205220.757
6,289.3,29376000,200611.357
7,287.1,29462400,260938.374
8,277.1,29548800,318996.851
9,277.4,29635200,404292.972
10,276.0,29721600,370350.207
11,288.1,29808000,316243.117
12,307.9,29894400,991752.464
13,308.4,29980800,703702.208
14,306.3,30067200,413251.773
15,329.4,30153600,1251303.89
16,338.9,30240000,726737.468
17,331.0,30326400,662698.511
18,336.7,30412800,401972.619
19,332.5,30499200,511504.522
20,334.4,30585600,477443.689
21,321.1,30672000,1286215.777
22,329.4,30758400,383094.591
23,322.1,30844800,307030.002
24,322.4,30931200,317118.332
25,328.6,31017600,204700.193
26,310.6,31104000,578039.555
27,313.2,31190400,329398.424
28,313.7,31276800,327282.226
29,316.4,31363200,496156.738
30,316.9,31449600,266270.064
0,314.9,31536000,185904.183
1,313.7,31622400,149805.667
2,308.8,31708800,450976.973
3,310.8,31795200,305980.475
4,313.9,31881600,320350.363
5,312.3,31968000,232647.147
6,310.3,32054400,179863.362
7,310.5,32140800,165372.944
8,312.8,32227200,163948.725
9,318.5,32313600,271539.24
10,322.3,32400000,661117.672
11,319.9,32486400,354216.724
12,324.7,32572800,348151.945
13,328.9,32659200,679955.061
14,333.0,32745600,418311.143
15,347.7,32832000,632598.777
16,340.0,32918400,556356.468
17,343.1,33004800,391677.437
18,322.4,33091200,537444.082
19,318.1,33177600,367453.933
20,321.2,33264000,910773.894
21,332.2,33350400,381882.032
22,330.7,33436800,384622.154
23,331.2,33523200,442775.294
24,338.4,33609600,436704.883
25,330.6,33696000,679551.584
26,330.9,33782400,482850.957
27,324.1,33868800,991210.156
28,321.9,33955200,226488.689
29,337.5,34041600,711720.726
0,328.5,34128000,719404.912
1,321.5,34214400,437446.281
2,325.9,34300800,608765.389
3,323.8,34387200,195370.268
4,326.5,34473600,284536.108
5,321.9,34560000,275367.716
6,321.0,34646400,203577.219
7,313.8,34732800,379192.119
8,312.1,34819200,260672.045
9,314.3,34905600,360146.811
10,307.5,34992000,291854.667
11,308.5,35078400,327008.927
12,310.7,35164800,151642.554
13,312.1,35251200,192884.821
14,313.4,35337600,202895.171
15,311.4,35424000,182668.214
16,314.3,35510400,221274.514
17,309.3,35596800,236575.286
18,308.9,35683200,191704.812
19,310.6,35769600,104485.905
20,306.4,35856000,143182.429
21,309.0,35942400,222082.435
22,313.5,36028800,225830.19
23,306.0,36115200,292692.62
24,304.5,36201600,287322.502
25,306.8,36288000,398588.895
26,307.4,36374400,144742.086
27,314.1,36460800,257233.179
28,311.6,36547200,461485.115
29,311.5,36633600,291304.59
30,306.8,36720000,437132.418
0,304.9,36806400,255618.722
1,307.2,36892800,300583.675
2,306.6,36979200,158805.926
3,305.0,37065600,187805.427
4,276.9,37152000,1096020.019
5,281.2,37238400,708685.58
6,259.3,37324800,1188263.837
7,262.0,37411200,579854.02
8,260.5,37497600,509660.501
9,238.7,37584000,1603602.202
10,235.4,37670400,402562.359
11,231.3,37756800,1579141.84
12,244.2,37843200,1230681.021
13,237.9,37929600,970411.718
14,236.4,38016000,602141.969
15,239.3,38102400,562586.529
16,244.5,38188800,491313.272
17,244.1,38275200,359878.981
18,243.1,38361600,425074.269
19,247.7,38448000,639069.672
20,248.8,38534400,1006328.557
21,240.8,38620800,1032630.471
22,244.3,38707200,638290.193
23,236.4,38793600,791496.05
24,238.8,38880000,513198.598
25,236.1,38966400,526248.09
26,237.5,39052800,360259.85
27,230.6,39139200,643304.047
28,233.1,39225600,352025.974
29,240.3,39312000,843439.594
0,247.9,39398400,723099.401
1,246.5,39484800,598172.063
2,246.5,39571200,873992.727
3,242.5,39657600,488909.055
4,238.9,39744000,520015.694
5,232.2,39830400,673275.441
6,235.6,39916800,431534.586
7,236.3,40003200,259727.721
8,234.1,40089600,235123.329
9,246.2,40176000,1193826.524
10,248.6,40262400,660141.384
11,243.9,40348800,599390.712
12,256.1,40435200,1037831.391
13,248.1,40521600,1071118.696
14,251.1,40608000,383772.673
15,242.3,40694400,433016.609
16,244.1,40780800,792745.158
17,240.2,40867200,932504.771
18,240.8,40953600,444676.507
19,242.8,41040000,449387.8
20,243.7,41126400,295187.787
21,241.1,41212800,184432.523
22,242.5,41299200,171931.133
23,238.9,41385600,463451.698
24,237.7,41472000,307201.312
25,239.0,41558400,318667.814
26,240.6,41644800,310179.989
27,241.9,41731200,232739.179
28,242.4,41817600,102406.899
29,242.5,41904000,255246.532
30,241.0,41990400,333099.771
0,247.7,42076800,813075.175
1,240.7,42163200,630364.599
2,241.1,42249600,303966.677
3,241.7,42336000,274715.344
4,243.2,42422400,176422.282
5,243.2,42508800,278149.257
6,242.1,42595200,302098.545
7,245.2,42681600,377607.574
8,243.8,42768000,294212.606
9,241.5,42854400,261873.92
10,239.7,42940800,287357.204
11,240.3,43027200,114025.156
12,240.2,43113600,132878.878
13,240.4,43200000,201261.953
14,236.7,43286400,397828.347
15,232.0,43372800,427014.475
16,218.1,43459200,1023773.861
17,216.1,43545600,674545.267
18,216.8,43632000,323294.673
19,216.5,43718400,190457.433
20,210.4,43804800,782096.622
21,210.9,43891200,875925.591
22,216.6,43977600,646096.521
23,219.0,44064000,368866.011
24,218.4,44150400,380692.105
25,216.5,44236800,146835.271
26,218.4,44323200,186853.184
27,218.8,44409600,310319.442
28,226.9,44496000,666199.649
29,223.8,44582400,305094.438
30,216.7,44668800,452017.913
0,213.7,44755200,461833.238
1,214.4,44841600,207729.726
2,214.4,44928000,168458.242
3,215.2,45014400,305315.445
4,214.6,45100800,242764.079
5,215.2,45187200,300823.424
6,217.1,45273600,247735.496
7,214.7,45360000,235244.296
8,214.1,45446400,94752.246
9,212.4,45532800,281482.379
10,206.1,45619200,580093.123
11,210.7,45705600,523734.999
12,212.5,45792000,301454.875
13,212.2,45878400,354022.553
14,214.1,45964800,312856.997
15,214.9,46051200,288697.085
16,216.5,46137600,333002.468
17,216.0,46224000,600156.61
18,217.2,46310400,347261.748
19,214.4,46396800,368825.746
20,210.8,46483200,412312.209
21,211.1,46569600,237677.235
22,210.5,46656000,117618.21
23,208.3,46742400,185179.502
24,209.9,46828800,272401.465
25,212.6,46915200,280709.589
26,212.0,47001600,409367.397
27,215.0,47088000,394085.543
28,215.2,47174400,371923.961
29,214.6,47260800,179075.156
0,218.2,47347200,415044.578
1,214.6,47433600,565949.136
2,213.5,47520000,294511.083
3,213.4,47606400,328882.49
4,210.6,47692800,259374.039
5,213.4,47779200,258866.553
6,212.3,47865600,125590.792
7,211.4,47952000,225258.305
8,205.8,48038400,572318.205
9,208.6,48124800,577725.014
10,206.6,48211200,397200.817
11,205.1,48297600,355516.958
12,206.1,48384000,331300.92
13,206.5,48470400,142741.132
14,209.7,48556800,365630.554
15,214.6,48643200,773179.81
16,211.4,48729600,372808.016
17,210.2,48816000,260942.338
18,211.2,48902400,274491.489
19,212.1,48988800,344927.206
20,214.2,49075200,263182.512
21,217.8,49161600,291845.069
22,228.5,49248000,841393.165
23,225.2,49334400,1011409.17
24,222.1,49420800,624789.777
25,223.2,49507200,726200.668
26,224.1,49593600,970917.489
27,225.7,49680000,347691.437
28,227.1,49766400,269033.796
29,228.0,49852800,397120.276
30,226.2,49939200,465273.268
0,227.9,50025600,578647.208
1,231.9,50112000,829216.687
2,230.2,50198400,501371.786
3,237.1,50284800,391480.947
4,244.0,50371200,613299.473
5,255.1,50457600,844924.324
6,246.2,50544000,865045.808
7,246.7,50630400,500403.192
8,251.6,50716800,1320420.474
9,251.0,50803200,814936.218
10,251.5,50889600,738756.911
11,247.4,50976000,637126.209
12,241.1,51062400,953917.532
13,242.3,51148800,992864.124
14,253.7,51235200,911316.433
15,242.7,51321600,1090149.24
16,244.9,51408000,757117.698
17,244.8,51494400,485737.217
18,246.4,51580800,379101.104
19,253.1,51667200,1523794.58
20,225.5,51753600,4050392.778
21,236.1,51840000,1791363.245
22,233.8,51926400,718114.377
23,232.7,52012800,616904.315
24,234.4,52099200,313338.264
25,231.7,52185600,437624.722
26,227.2,52272000,831147.034
27,229.6,52358400,547422.862
28,227.3,52444800,416529.001
29,227.6,52531200,360874.419
0,228.5,52617600,425879.275
1,229.0,52704000,456196.933
2,228.1,52790400,594689.614
3,233.5,52876800,1475825.971
4,231.2,52963200,861796.38
5,229.4,53049600,858794.132
6,232.6,53136000,793571.247
7,238.9,53222400,764638.52
8,237.7,53308800,838098.223
9,239.8,53395200,433591.534
10,246.4,53481600,2010717.772
11,254.6,53568000,1877670.629
12,252.0,53654400,1149182.339
13,253.3,53740800,818946.787
14,244.9,53827200,655654.892
15,244.4,53913600,444080.33
16,238.8,54000000,464957.446
17,241.7,54086400,876189.244
18,252.9,54172800,1569167.394
19,260.3,54259200,1116951.002
20,272.1,54345600,1286767.653
21,271.1,54432000,967819.921
22,271.0,54518400,408213.412
23,264.5,54604800,572645.135
24,266.9,54691200,469743.423
25,297.7,54777600,2356245.345
26,324.1,54864000,2126454.61
27,322.6,54950400,2249136.219
28,313.7,55036800,1407022.74
29,317.1,55123200,561853.413
30,311.8,55209600,667097.557
0,313.5,55296000,619455.158
1,312.2,55382400,937764.737
2,315.8,55468800,2132158.122
3,323.7,55555200,1133774.957
4,317.5,55641600,1157056.276
5,307.5,55728000,909358.183
6,302.4,55814400,498367.089
7,303.7,55900800,984590.842
8,301.1,55987200,1401490.155
9,305.8,56073600,1032565.477
10,308.2,56160000,1179601.543
11,296.6,56246400,1003340.774
12,302.2,56332800,436784.239
13,299.5,56419200,393054.947
14,317.5,56505600,1704540.89
15,315.2,56592000,951149.445
16,309.4,56678400,1071343.496
17,313.0,56764800,921121.889
18,314.7,56851200,835724.4
19,317.2,56937600,326090.187
20,318.6,57024000,359764.313
21,305.9,57110400,704437.647
22,298.8,57196800,928195.378
23,293.1,57283200,802312.815
24,292.1,57369600,1004156.719
25,302.2,57456000,709942.404
26,305.6,57542400,285357.667
27,305.3,57628800,409403.057
28,310.7,57715200,442799.505
29,307.6,57801600,386375.467
30,300.5,57888000,459007.698
0,300.2,57974400,373269.789
1,301.4,58060800,309501.649
2,299.7,58147200,198730.962
3,304.7,58233600,503405.323
4,301.2,58320000,488672.271
5,302.7,58406400,260762.321
6,307.3,58492800,352421.789
7,319.2,58579200,921496.502
8,324.0,58665600,739178.081
9,323.0,58752000,321477.064
10,320.7,58838400,280308.105
11,327.8,58924800,576734.162
12,324.7,59011200,441545.83
13,333.9,59097600,452466.98
14,354.2,59184000,1361590.403
15,360.4,59270400,1061855.986
16,352.9,59356800,630266.52
17,349.8,59443200,495667.634
18,351.6,59529600,830917.534
19,354.6,59616000,972650.558
20,379.2,59702400,1701415.313
21,382.6,59788800,1409647.481
22,375.5,59875200,1027891.295
23,381.7,59961600,444587.481
24,388.5,60048000,643002.671
25,401.6,60134400,1196262.204
26,394.6,60220800,915873.073
27,414.6,60307200,1348008.995
28,399.4,60393600,1146024.362
0,407.4,60480000,586580.611
1,410.9,60566400,590018.543
2,414.5,60652800,838274.346
3,418.4,60739200,1045414.001
4,394.1,60825600,2073303.79
5,429.4,60912000,1804741.112
6,474.6,60998400,1672134.41
7,485.8,61084800,1660311.361
8,488.3,61171200,852029.241
9,528.9,61257600,1944137.084
10,523.0,61344000,1608146.397
11,537.5,61430400,1924767.687
12,630.5,61516800,2526002.564
13,603.2,61603200,2119540.3
14,632.7,61689600,3066312.788
15,576.4,61776000,1811838.042
16,571.7,61862400,1712920.341
17,555.4,61948800,2284301.814
18,507.7,62035200,2551361.512
19,556.8,62121600,1425296.579
20,553.8,62208000,953921.372
21,553.8,62294400,1181298.51
22,551.9,62380800,608753.329
23,567.7,62467200,442930.35
24,587.0,62553600,802695.512
25,580.4,62640000,569324.079
26,574.3,62726400,531668.402
27,583.4,62812800,503901.624
28,612.5,62899200,1042401.169
29,600.7,62985600,501020.148
30,606.7,63072000,325136.967
0,575.8,63158400,723114.09
1,551.4,63244800,998260.814
2,561.5,63331200,683925.233
3,585.5,63417600,879640.68
4,577.8,63504000,634206.619
5,585.4,63590400,226975.996
6,583.9,63676800,263849.216
7,586.4,63763200,483568.312
8,580.5,63849600,596275.792
9,609.7,63936000,816050.7
10,604.6,64022400,579678.194
11,595.6,64108800,1517722.658
12,553.1,64195200,1761628.473
13,566.4,64281600,965488.003
14,552.7,64368000,698443.303
15,537.6,64454400,623668.813
16,534.1,64540800,657909.358
17,552.1,64627200,589697.296
18,554.0,64713600,545504.183
19,570.9,64800000,242132.859
20,579.6,64886400,277755.724
21,604.5,64972800,522892.157
22,606.2,65059200,556883.344
23,608.8,65145600,656953.677
24,613.2,65232000,453745.517
25,598.0,65318400,302119.884
26,596.2,65404800,268783.912
27,600.2,65491200,258059.431
28,592.8,65577600,330474.005
29,578.4,65664000,766513.446
0,561.8,65750400,669027.318
1,560.5,65836800,359794.315
2,587.0,65923200,342906.433
3,585.7,66009600,197129.251
4,592.0,66096000,180458.236
5,588.2,66182400,278669.005
6,576.5,66268800,289488.709
7,588.6,66355200,297016.617
8,596.8,66441600,464857.601
9,585.6,66528000,296215.516
10,592.2,66614400,210698.305
11,594.8,66700800,191190.562
12,591.7,66787200,389810.286
13,567.1,66873600,453308.316
14,581.0,66960000,402812.993
15,569.2,67046400,411937.056
16,580.9,67132800,236919.616
17,580.3,67219200,168074.711
18,574.5,67305600,142157.485
19,599.6,67392000,469252.806
20,618.5,67478400,1023559.613
21,614.8,67564800,404848.487
22,599.3,67651200,607671.947
23,600.3,67737600,251965.176
24,602.4,67824000,121538.958
25,600.2,67910400,122983.66
26,603.9,67996800,229302.377
27,601.7,68083200,284862.985
28,595.7,68169600,212706.254
29,595.1,68256000,225452.344
30,593.7,68342400,168608.054
0,601.9,68428800,156464.894
1,602.9,68515200,198299.996
2,626.4,68601600,654161.467
3,685.7,68688000,736322.6803
4,698.8,68774400,673820.5652
5,711.2,68860800,544042.9592
6,684.0,68947200,594753.99
7,682.7,69033600,216849.473
8,673.0,69120000,173565.78
9,625.1,69206400,692122.616
10,602.5,69292800,640655.92
11,619.4,69379200,454148.661
12,599.8,69465600,313465.472
13,603.3,69552000,279802.085
14,608.2,69638400,122650.197
15,610.8,69724800,104827.154
16,604.3,69811200,235509.028
17,588.6,69897600,459142.573
18,599.3,69984000,260529.062
19,587.7,70070400,289498.772
20,586.1,70156800,191182.614
21,591.1,70243200,100439.584
22,577.5,70329600,141025.834
23,568.1,70416000,356915.248
24,578.2,70502400,177300.699
25,573.0,70588800,154770.344
26,581.7,70675200,199582.231
27,567.4,70761600,210308.565
28,570.0,70848000,99951.169
29,582.2,70934400,169894.148
0,576.9,71020800,188481.951
1,580.1,71107200,144561.934
2,556.7,71193600,288318.808
3,513.6,71280000,511359.494
4,497.7,71366400,992708.164
5,526.0,71452800,226597.141
6,490.7,71539200,279027.459
7,510.6,71625600,580970.096
8,516.9,71712000,203358.601
9,524.7,71798400,205460.208
10,524.8,71884800,262788.577
11,533.8,71971200,207870.778
12,532.4,72057600,161128.431
13,544.8,72144000,148566.273
14,585.3,72230400,335372.772
15,576.2,72316800,347825.03
16,568.9,72403200,198271.205
17,571.9,72489600,153121.784
18,593.4,72576000,331877.529
19,593.1,72662400,144679.404
20,602.5,72748800,243931.763
21,587.2,72835200,212452.69
22,581.9,72921600,214355.311
23,574.9,73008000,160535.208
24,570.6,73094400,286997.522
25,580.9,73180800,155492.92
26,581.6,73267200,184468.855
27,583.9,73353600,92606.642
28,574.3,73440000,213824.089
29,588.2,73526400,165024.413
30,576.5,73612800,194701.723
0,575.1,73699200,280418.865
1,542.9,73785600,283605.001
2,529.6,73872000,245777.525
3,496.9,73958400,390238.285
4,464.2,74044800,2114679.75
5,484.8,74131200,458815.007
6,475.0,74217600,322182.487
7,517.1,74304000,286744.608
8,508.7,74390400,195125.106
9,523.1,74476800,126212.238
10,503.4,74563200,206038.714
11,518.2,74649600,285951.347
12,524.2,74736000,255029.497
13,523.4,74822400,220850.011
14,519.2,74908800,229628.306
15,519.7,74995200,174036.141
16,541.6,75081600,196365.586
17,531.2,75168000,148890.018
18,558.4,75254400,233275.352
19,569.4,75340800,422053.693
20,570.1,75427200,345601.77
21,582.9,75513600,365020.284
22,591.7,75600000,387772.663
23,580.5,75686400,325168.897
24,573.9,75772800,195984.559
25,548.2,75859200,280985.576
26,533.3,75945600,298073.974
27,537.0,76032000,269794.777
28,536.4,76118400,166187.113
29,535.2,76204800,197825.895
30,532.9,76291200,95954.072
0,512.4,76377600,203698.867
1,526.3,76464000,262984.426
2,518.7,76550400,224481.65
3,507.6,76636800,435892.306
4,502.4,76723200,177237.32
5,487.2,76809600,357704.727
6,493.5,76896000,140367.312
7,503.1,76982400,135677.173
8,518.7,77068800,207528.54
9,517.0,77155200,161417.812
10,530.1,77241600,204079.602
11,544.5,77328000,273877.8
12,556.4,77414400,276743.273
13,553.3,77500800,138432.964
14,553.4,77587200,205254.79
15,533.7,77673600,267953.69
16,546.2,77760000,195288.36
17,559.5,77846400,201182.985
18,567.0,77932800,308427.742
19,569.0,78019200,257077.709
20,588.6,78105600,208752.23
21,588.7,78192000,202978.791
22,604.5,78278400,376010.207
23,605.9,78364800,261622.131
24,587.4,78451200,220793.948
25,596.3,78537600,334337.474
26,606.8,78624000,356901.64
27,601.1,78710400,262593.381
28,595.6,78796800,160103.084
29,567.4,78883200,324086.737
0,547.3,78969600,476372.945
1,542.5,79056000,282193.663
2,544.8,79142400,220702.342
3,555.3,79228800,186169.628
4,563.0,79315200,124906.382
5,570.3,79401600,106787.34
6,564.3,79488000,213046.676
7,580.8,79574400,286276.177
8,570.7,79660800,324396.054
9,563.9,79747200,178198.309
10,573.6,79833600,185095.358
11,576.6,79920000,135773.959
12,572.2,80006400,118779.976
13,589.1,80092800,252803.176
14,594.5,80179200,324305.897
15,600.9,80265600,259951.129
16,592.9,80352000,194199.416
17,599.2,80438400,136743.669
18,597.7,80524800,78940.239
19,605.9,80611200,123572.057
20,598.8,80697600,275880.778
21,593.8,80784000,203756.934
22,584.9,80870400,225698.465
23,594.5,80956800,145781.537
24,575.3,81043200,254214.693
25,583.4,81129600,119987.437
26,589.2,81216000,94455.099
27,601.1,81302400,189815.882
28,606.3,81388800,301555.357
29,595.6,81475200,186706.281
30,576.6,81561600,279156.175
0,573.1,81648000,242255.184
1,568.6,81734400,143716.603
2,557.7,81820800,217508.468
3,552.5,81907200,264951.833
4,563.21,81993600,211437.753
5,592.22,82080000,535934.927
6,598.26,82166400,377600.506
7,597.82,82252800,318752.718
8,624.66,82339200,772172.655
9,627.33,82425600,812783.747
10,659.63,82512000,1006384.738
11,625.33,82598400,1166459.013
12,620.68,82684800,1034672.114
13,622.3,82771200,1060649.7
14,619.37,82857600,654908.221
15,622.69,82944000,447887.923
16,618.9,83030400,595820.376
17,618.93,83116800,483382.136
18,615.5,83203200,420441.21
19,605.39,83289600,411142.628
20,621.86,83376000,647295.158
21,633.0,83462400,582665.923
22,650.42,83548800,1071184.972
23,659.65,83635200,914571.368
24,636.2,83721600,783511.29
25,613.51,83808000,814621.938
26,644.14,83894400,629623.885
27,653.83,83980800,684789.628
28,654.67,84067200,429893.73
29,653.43,84153600,545812.569
0,655.99,84240000,434417.253
1,647.82,84326400,771630.192
2,734.64,84412800,1575647.798
3,739.53,84499200,2092976.428
4,717.1,84585600,1159099.388
5,730.22,84672000,747138.475
6,749.72,84758400,445276.173
7,742.0,84844800,343120.564
8,689.19,84931200,1068109.724
9,676.8,85017600,984801.75
10,711.21,85104000,526819.302
11,705.77,85190400,576876.965
12,725.72,85276800,548598.294
13,715.79,85363200,341929.145
14,718.87,85449600,282457.795
15,720.58,85536000,483844.553
16,717.69,85622400,502868.872
17,686.38,85708800,726576.022
18,665.62,85795200,840266.48
19,678.6,85881600,982349.406
20,663.49,85968000,529437.789
21,649.77,86054400,333704.376
22,694.16,86140800,606364.091
23,696.9,86227200,386936.217
24,702.72,86313600,232510.25
25,689.4,86400000,381100.002
26,691.85,86486400,347156.043
27,722.13,86572800,344251.861
28,694.71,86659200,241528.144
29,705.36,86745600,297267.103
30,702.3,86832000,235464.832
0,707.84,1734127142400,135703.339
1,706.25,1734213542400,292533.811
2,714.88,1734299942400,291701.675
3,713.41,1734386342400,167274.262
4,709.29,1734472742400,115144.345
5,729.42,1734559142400,357347.859
6,698.01,1734645542400,436096.682
7,696.03,1734731942400,427277.957
8,685.48,1734818342400,331906.578
9,693.21,1734904742400,234590.487
10,696.7,1734991142400,87734.79
11,693.34,1735077542400,78211.295
12,688.64,1735163942400,386629.943
13,698.89,1735250342400,159723.609
14,714.59,1735336742400,282718.752
15,708.1,1735423142400,268104.726
16,721.76,1735509542400,289751.278
17,709.52,1735595942400,370480.456
18,683.19,1735682342400,712985.298
19,682.51,1735768742400,668236.487
20,692.21,1735855142400,294203.471
21,695.52,1735941542400,218410.233
22,689.74,1736027942400,331191.456
23,680.45,1736114342400,280584.305
24,686.4,1736200742400,140203.276
25,667.37,1736287142400,195887.168
26,679.74,1736373542400,486667.795
27,661.29,1736459942400,202591.474
28,667.97,1736546342400,255536.138
29,677.53,1736632742400,145419.421
30,677.47,1736719142400,190707.861
0,652.94,1736805542400,177371.372
1,617.8,1736891942400,506728.603
2,617.21,1736978342400,1340856.885
3,572.69,1737064742400,549571.473
4,569.55,1737151142400,227055.225
5,571.72,1737237542400,334342.953
6,577.71,1737323942400,222673.88
7,612.39,1737410342400,490805.546
8,615.81,1737496742400,774091.071
9,618.65,1737583142400,360129.038
10,642.11,1737669542400,488539.291
11,696.93,1737755942400,822216.623
12,664.72,1737842342400,1766921.695
13,659.71,1737928742400,650460.875
14,662.21,1738015142400,255950.897
15,673.1,1738101542400,362205.963
16,667.51,1738187942400,323350.276
17,648.18,1738274342400,366356.988
18,653.38,1738360742400,352798.243
19,656.36,1738447142400,215894.368
20,647.47,1738533542400,317327.155
21,668.57,1738619942400,297923.184
22,658.42,1738706342400,166658.013
23,614.2,1738792742400,360147.153
24,623.49,1738879142400,647434.612
25,611.57,1738965542400,428035.431
26,605.41,1739051942400,295518.116
27,588.07,1739138342400,600999.319
0,607.93,1739224742400,292254.356
1,623.94,1739311142400,469069.23
2,576.1,1739397542400,497949.879
3,584.01,1739483942400,488869.851
4,598.24,1739570342400,206205.988
5,596.5,1739656742400,223701.39
6,594.77,1739743142400,289363.933
7,593.1,1739829542400,117220.631
8,554.65,1739915942400,246382.904
9,531.49,1740002342400,410154.62
10,551.61,1740088742400,691870.521
11,569.87,1740175142400,367224.211
12,579.8,1740261542400,647497.028
13,587.76,1740347942400,213012.082
14,619.83,1740434342400,254324.009
15,602.2,1740520742400,255774.316
16,631.69,1740607142400,591668.184
17,627.81,1740693542400,443437.833
18,618.7,1740779942400,399993.645
19,630.47,1740866342400,578472.125
20,635.17,1740952742400,262205.569
21,627.01,1741039142400,140206.083
22,623.79,1741125542400,155602.578
23,637.08,1741211942400,307575.991
24,629.82,1741298342400,554571.557
25,617.99,1741384742400,222093.835
26,637.36,1741471142400,743401.847
27,619.81,1741557542400,317817.16
28,602.99,1741643942400,254422.261
29,602.2,1741730342400,195649.405
30,604.81,1741816742400,254764.269
0,611.13,1741903142400,565603.069
1,590.68,1741989542400,399507.957
2,592.67,1742075942400,507928.514
3,597.71,1742162342400,177145.405
4,593.13,1742248742400,85938.079
5,555.54,1742335142400,332256.265
6,554.6,1742421542400,727293.86
7,553.72,1742507942400,212191.86
8,582.32,1742594342400,378370.127
9,578.03,1742680742400,369219.863
10,585.93,1742767142400,174700.72
11,597.29,1742853542400,151268.708
12,584.28,1742939942400,144896.285
13,584.54,1743026342400,153827.795
14,579.52,1743112742400,141640.579
15,582.8,1743199142400,174537.948
16,590.49,1743285542400,151848.259
17,591.71,1743371942400,191575.748
18,591.73,1743458342400,96609.003
19,592.77,1743544742400,115343.598
20,597.34,1743631142400,171926.422
21,618.51,1743717542400,285468.164
22,605.71,1743803942400,314125.448
23,601.55,1743890342400,204214.28
24,599.91,1743976742400,257426.554
25,607.23,1744063142400,137533.142
26,603.46,1744149542400,121784.476
27,606.16,1744235942400,143778.008
28,601.0,1744322342400,236809.997
29,599.88,1744408742400,210580.664
0,599.63,1744495142400,156229.229
1,600.69,1744581542400,141344.865
2,599.36,1744667942400,100770.294
3,586.03,1744754342400,143960.835
4,597.61,1744840742400,201100.589
5,602.57,1744927142400,214613.107
6,602.7,1745013542400,194088.591
7,629.17,1745099942400,384267.525
8,666.29,1745186342400,480734.869
9,663.9,1745272742400,444595.43
10,651.15,1745359142400,319998.959
11,660.07,1745445542400,586386.945
12,664.13,1745531942400,416309.75
13,652.47,1745618342400,290029.994
14,651.88,1745704742400,313560.813
15,646.76,1745791142400,200793.607
16,639.51,1745877542400,141777.711
17,651.53,1745963942400,189475.296
18,649.62,1746050342400,210901.52
19,650.0,1746136742400,169584.291
20,673.31,1746223142400,470531.895
21,686.57,1746309542400,390007.996
22,656.98,1746395942400,343668.707
23,668.01,1746482342400,165142.039
24,669.44,1746568742400,169208.322
25,674.29,1746655142400,180148.252
26,686.91,1746741542400,326163.491
27,686.89,1746827942400,211875.743
28,675.02,1746914342400,260985.136
29,655.36,1747000742400,218723.509
30,658.01,1747087142400,158379.39
0,660.77,1747173542400,131807.448
1,665.93,1747259942400,143785.605
2,661.59,1747346342400,158377.459
3,663.23,1747432742400,124473.802
4,633.32,1747519142400,271543.149
5,642.7,1747605542400,169535.957
6,650.82,1747691942400,90666.37
7,652.0,1747778342400,72300.314
8,665.58,1747864742400,127272.158
9,673.51,1747951142400,176645.056
10,667.43,1748037542400,177934.085
11,654.75,1748123942400,152793.975
12,655.35,1748210342400,223303.917
13,645.61,1748296742400,93690.143
14,648.19,1748383142400,79324.646
15,650.74,1748469542400,124203.787
16,648.08,1748555942400,182982.263
17,644.77,1748642342400,143725.674
18,644.65,1748728742400,80404.985
19,641.61,1748815142400,143279.622
20,628.97,1748901542400,143508.116
21,615.81,1748987942400,243515.033
22,640.49,1749074342400,219674.329
23,643.53,1749160742400,131607.231
24,646.07,1749247142400,169433.154
25,642.3,1749333542400,103057.286
26,645.71,1749419942400,81302.955
27,648.6,1749506342400,57714.965
28,654.9,1749592742400,73235.796
29,656.9,1749679142400,110702.196
0,646.33,1749765542400,85803.055
1,659.71,1749851942400,112807.955
2,663.59,1749938342400,99001.436
3,653.6,1750024742400,89027.412
4,656.16,1750111142400,51648.289
5,663.13,1750197542400,82399.119
6,661.06,1750283942400,83232.984
7,660.63,1750370342400,86374.042
8,668.68,1750456742400,123551.595
9,685.8,1750543142400,214967.536
10,689.99,1750629542400,268353.904
11,685.86,1750715942400,134785.185
12,692.0,1750802342400,84925.723
13,689.12,1750888742400,253634.996
14,689.92,1750975142400,188962.491
15,708.61,1751061542400,238334.938
16,720.65,1751147942400,409572.675
17,729.92,1751234342400,556430.085
18,733.2,1751320742400,188095.81
19,756.82,1751407142400,253255.203
20,766.22,1751493542400,338419.952
21,786.68,1751579942400,359074.056
22,776.74,1751666342400,709087.1566
23,770.74,1751752742400,363436.737
24,785.45,1751839142400,284068.121
25,793.29,1751925542400,128764.391
26,844.0,1752011942400,397296.2555
27,824.07,1752098342400,517734.6912
28,805.1,1752184742400,427366.132
29,793.51,1752271142400,369598.736
30,783.14,1752357542400,335026.145
0,757.08,1752443942400,393831.558
1,736.42,1752530342400,209282.992
2,751.21,1752616742400,142700.965
3,768.63,1752703142400,171505.406
4,755.13,1752789542400,179458.96
5,769.55,1752875942400,163684.71
6,788.67,1752962342400,188106.802
7,793.5,1753048742400,195309.718
8,798.83,1753135142400,202384.753
9,807.22,1753221542400,162735.303
10,805.09,1753307942400,316220.572
11,832.47,1753394342400,268762.259
12,848.01,1753480742400,395861.313
13,840.42,1753567142400,592656.9793
14,827.81,1753653542400,252091.108
15,838.71,1753739942400,114512.1
16,855.38,1753826342400,164953.856
17,846.99,1753912742400,233741.603
18,824.11,1753999142400,211802.026
19,869.05,1754085542400,392159.8615
20,839.49,1754171942400,277889.676
21,900.21,1754258342400,430842.5317
22,880.42,1754344742400,209279.872
23,876.51,1754431142400,289492.317
24,839.32,1754517542400,320570.155
25,863.7,1754603942400,194882.089
26,855.18,1754690342400,135243.457
27,873.47,1754776742400,232414.922
28,862.3,1754863142400,180524.219
29,862.0,1754949542400,101039.981
30,857.65,1755035942400,94241.193
0,845.68,1755122342400,254185.715
1,851.8,1755208742400,164333.169
2,854.76,1755295142400,116453.022
3,843.63,1755381542400,108195.902
4,850.14,1755467942400,120856.951
5,860.85,1755554342400,144234.054
6,880.05,1755640742400,136538.058
7,878.08,1755727142400,177574.781
8,880.01,1755813542400,150610.03
9,893.77,1755899942400,306830.178
10,902.77,1755986342400,179913.182
11,924.8,1756072742400,240267.9372
12,933.68,1756159142400,251751.2324
13,926.51,1756245542400,159814.975
14,919.68,1756331942400,175249.087
15,955.65,1756418342400,284918.8385
16,989.98,1756504742400,362193.1958
17,981.04,1756591142400,402672.5617
18,984.1,1756677542400,333582.761
19,1043.77,1756763942400,380966.0766
20,1047.8,1756850342400,464411.2823
21,992.9,1756936742400,588730.396
22,1015.98,1757023142400,420071.07
23,1018.49,1757109542400,363049.882
24,945.9,1757195942400,635121.254
25,960.8,1757282342400,384757.514
26,968.45,1757368742400,245246.415
27,993.01,1757455142400,188486.48
28,1029.79,1757541542400,291982.5
29,1008.51,1757627942400,258830.971
0,1026.5,1757714342400,269007.811
1,1090.22,1757800742400,380679.445
2,1189.4,1757887142400,744996.7206
3,1150.75,1757973542400,337438.509
4,1167.38,1758059942400,306730.178
5,1223.19,1758146342400,587477.5601
6,1304.43,1758232742400,1351678.4887
7,1307.4,1758319142400,826555.123
8,1255.35,1758405542400,925627.604
9,1102.47,1758491942400,1505025.673
10,1135.07,1758578342400,1050905.245
11,1302.65,1758664742400,1205248.016
12,1294.55,1758751142400,1483076.9719
13,1208.52,1758837542400,1398659.782
14,1162.57,1758923942400,707327.747
15,1144.83,1759010342400,716826.497
16,1071.15,1759096742400,1066221.771
17,1092.43,1759183142400,419996.517
18,1109.88,1759269542400,409987.572
19,1100.19,1759355942400,481311.055
20,1057.16,1759442342400,541524.501
21,1071.82,1759528742400,397249.062
22,1126.72,1759615142400,774946.718
23,1109.01,1759701542400,342712.642
24,1116.53,1759787942400,162716.583
25,1138.19,1759874342400,240939.545
26,1138.88,1759960742400,494467.695
27,1103.45,1760047142400,351579.17
28,1107.7,1760133542400,459713.496
29,1079.05,1760219942400,508291.657
30,1088.9,1760306342400,537669.646
0,1094.53,1760392742400,163493.548
1,1083.25,1760479142400,132402.548
2,993.54,1760565542400,685198.885
3,936.77,1760651942400,985275.518
4,959.33,1760738342400,526144.027
5,950.4,1760824742400,312622.425
6,991.15,1760911142400,452713.504
7,991.03,1760997542400,301705.689
8,996.63,1761083942400,256660.748
9,991.98,1761170342400,281128.796
10,958.08,1761256742400,283951.869
11,952.86,1761343142400,216987.116
12,927.15,1761429542400,334345.078
13,915.25,1761515942400,438193.008
14,932.28,1761602342400,161984.705
15,926.56,1761688742400,252157.877
16,907.36,1761775142400,332891.856
17,932.79,1761861542400,357275.458
18,897.77,1761947942400,296358.274
19,866.51,1762034342400,301802.981
20,830.46,1762120742400,654486.049
21,833.78,1762207142400,167225.62
22,843.6,1762293542400,167524.177
23,864.92,1762379942400,248464.802
24,862.57,1762466342400,158750.859
25,891.78,1762552742400,159649.392
26,895.74,1762639142400,141249.084
27,887.19,1762725542400,174843.677
28,872.9,1762811942400,80059.932
29,875.31,1762898342400,106230.587
0,826.61,1762984742400,342746.385
1,876.61,1763071142400,233149.68
2,920.76,1763157542400,227309.929
3,899.92,1763243942400,165779.563
4,883.57,1763330342400,137493.999
5,890.38,1763416742400,81289.981
6,894.37,1763503142400,131888.814
7,897.12,1763589542400,121354.06
8,897.3,1763675942400,209645.573
9,893.43,1763762342400,186333.021
10,885.91,1763848742400,182476.864
11,881.58,1763935142400,110640.466
12,896.82,1764021542400,92401.054
13,877.27,1764107942400,110914.028
14,858.6,1764194342400,210867.871
15,875.63,1764280742400,240835.336
16,843.07,1764367142400,378073.209
17,830.07,1764453542400,432024.878
18,856.17,1764539942400,1227346.957
19,854.17,1764626342400,57015.132
20,858.64,1764712742400,69986.817
21,858.66,1764799142400,147275.988
22,844.3,1764885542400,103894.874
23,846.58,1764971942400,84917.781
24,829.64,1765058342400,72777.087
25,834.72,1765144742400,120232.786
26,845.04,1765231142400,89882.366
27,859.32,1765317542400,91601.986
28,852.46,1765403942400,127151.447
29,861.65,1765490342400,73233.047
30,864.3,1765576742400,149994.618
