,close,time,volume
0,46283.49,0,56271.06474
1,45811.0,86400,37073.53582
2,46407.35,172800,33394.67794
3,46580.51,259200,44641.87514
4,45497.55,345600,42192.74852
5,43170.47,432000,60849.32936
6,43444.19,518400,37396.54156
7,42252.01,604800,42375.04203
8,42753.97,691200,17891.66047
9,42158.85,777600,22771.09403
10,39530.45,864000,63560.44721
11,40074.94,950400,57751.01778
12,41147.79,1036800,41342.27254
13,39942.38,1123200,36807.01401
14,40551.9,1209600,24026.35739
15,40378.71,1296000,15805.44718
16,39678.12,1382400,19988.49259
17,40801.13,1468800,54243.49575
18,41493.18,1555200,35788.85843
19,41358.19,1641600,40877.35041
20,40480.01,1728000,59316.27657
21,39709.18,1814400,46664.0196
22,39441.6,1900800,20291.42375
23,39450.13,1987200,26703.61186
24,40426.08,2073600,63037.12784
25,38112.65,2160000,66650.258
26,39235.72,2246400,57083.12272
27,39742.07,2332800,56086.6715
28,38596.11,2419200,51453.65715
29,37630.8,2505600,35321.18989
0,38468.35,2592000,38812.24104
1,38525.16,2678400,53200.92628
2,37728.95,2764800,40316.45358
3,39690.0,2851200,62574.61736
4,36552.97,2937600,88722.43355
5,36013.77,3024000,68437.80187
6,35472.39,3110400,34281.70682
7,34038.4,3196800,72445.64344
8,30076.31,3283200,191876.926428
9,31017.1,3369600,165532.00311
10,29103.94,3456000,207063.739278
11,29029.75,3542400,204507.263138
12,29287.05,3628800,97872.36957
13,30086.74,3715200,51095.87863
14,31328.89,3801600,46275.66912
15,29874.01,3888000,73082.19658
16,30444.93,3974400,56724.13307
17,28715.32,4060800,59749.15799
18,30319.23,4147200,67877.36415
19,29201.01,4233600,60517.25325
20,29445.06,4320000,20987.13124
21,30293.94,4406400,36158.98748
22,29109.15,4492800,63901.49932
23,29654.58,4579200,59442.96036
24,29542.15,4665600,59537.38659
25,29201.35,4752000,94581.65463
26,28629.8,4838400,90998.5201
27,29031.33,4924800,34479.35127
28,29468.1,5011200,27567.34764
29,31734.22,5097600,96785.9476
30,31801.04,5184000,62433.11632
0,29805.83,5270400,103395.63382
1,30452.62,5356800,56961.42928
2,29700.21,5443200,54067.44727
3,29864.04,5529600,25617.90113
4,29919.21,5616000,23139.9281
5,31373.1,5702400,68836.92456
6,31125.33,5788800,110674.51658
7,30204.77,5875200,68542.61276
8,30109.93,5961600,46291.1865
9,29091.88,6048000,76204.2498
10,28424.7,6134400,65901.39895
11,26574.53,6220800,92474.598809
12,22487.41,6307200,254611.034966
13,22136.41,6393600,187201.64671
14,22583.72,6480000,200774.493467
15,20401.31,6566400,99673.59429
16,20468.81,6652800,86694.33663
17,18970.79,6739200,196441.655524
18,20574.0,6825600,128320.87595
19,20573.89,6912000,109028.94154
20,20723.52,6998400,104371.0749
21,19987.99,7084800,92133.97938
22,21110.13,7171200,83127.08716
23,21237.69,7257600,77430.36622
24,21491.19,7344000,51431.67794
25,21038.07,7430400,53278.10464
26,20742.56,7516800,64475.0013
27,20281.29,7603200,63801.0832
28,20123.01,7689600,77309.04379
29,19942.21,7776000,93846.64806
0,19279.8,7862400,111844.59494
1,19252.81,7948800,46180.3021
2,19315.83,8035200,51087.46631
3,20236.71,8121600,74814.04601
4,20175.83,8208000,96041.13756
5,20564.51,8294400,82439.5808
6,21624.98,8380800,85014.58261
7,21594.75,8467200,403081.57349
8,21591.83,8553600,178417.84468
9,20862.47,8640000,192188.21556
10,19963.61,8726400,137535.40724
11,19328.75,8812800,139506.45862
12,20234.87,8899200,209250.24888
13,20588.84,8985600,174809.21696
14,20830.04,9072000,143343.3049
15,21195.6,9158400,121011.67393
16,20798.16,9244800,118229.4525
17,22432.58,9331200,239942.73132
18,23396.62,9417600,263770.76574
19,23223.3,9504000,238762.17094
20,23152.19,9590400,184817.68191
21,22684.83,9676800,171598.43966
22,22451.07,9763200,122137.77375
23,22579.68,9849600,115189.67277
24,21310.9,9936000,180344.76643
25,21254.67,10022400,177817.24326
26,22952.45,10108800,210971.19796
27,23842.93,10195200,236029.0741
28,23773.75,10281600,198298.50623
29,23643.51,10368000,151060.13211
30,23293.32,10454400,127743.32483
0,23268.01,10540800,144210.16219
1,22987.79,10627200,158073.28225
2,22818.37,10713600,145948.80995
3,22622.98,10800000,154854.67016
4,23312.42,10886400,175251.69749
5,22954.21,10972800,83911.80307
6,23174.39,11059200,88890.00877
7,23810.0,11145600,170958.44152
8,23149.95,11232000,143182.50858
9,23954.05,11318400,208916.54953
10,23934.39,11404800,249759.79557
11,24403.68,11491200,174207.5704
12,24441.38,11577600,152852.25435
13,24305.24,11664000,151206.14473
14,24094.82,11750400,242539.54758
15,23854.74,11836800,179324.94821
16,23342.66,11923200,210668.68766
17,23191.2,12009600,144185.97011
18,20834.39,12096000,283995.87747
19,21140.07,12182400,183041.68363
20,21515.61,12268800,159200.6841
21,21399.83,12355200,222222.04526
22,21529.12,12441600,200967.77164
23,21368.08,12528000,174383.22046
24,21559.04,12614400,169915.78301
25,20241.05,12700800,273811.61955
26,20037.6,12787200,162582.46032
27,19555.61,12873600,139307.95976
28,20285.73,12960000,210509.49545
29,19811.66,13046400,256634.35529
30,20050.02,13132800,276946.60765
0,20131.46,13219200,245289.97263
1,19951.86,13305600,245986.6033
2,19831.9,13392000,146639.03204
3,20000.3,13478400,145588.77893
4,19796.84,13564800,222543.01057
5,18790.61,13651200,356315.05718
6,19292.84,13737600,287394.7788
7,19319.77,13824000,262813.28273
8,21360.11,13910400,428919.74652
9,21648.34,13996800,307997.33504
10,21826.87,14083200,280702.55149
11,22395.74,14169600,395395.61828
12,20173.57,14256000,431915.03333
13,20226.71,14342400,340826.40151
14,19701.88,14428800,333069.76076
15,19803.3,14515200,283791.07064
16,20113.62,14601600,179350.24338
17,19416.18,14688000,254217.46904
18,19537.02,14774400,380512.40306
19,18875.0,14860800,324098.3286
20,18461.36,14947200,385034.10021
21,19401.63,15033600,379321.72111
22,19289.91,15120000,385886.91829
23,18920.5,15206400,239496.56746
24,18807.38,15292800,191191.4492
25,19227.82,15379200,439239.21943
26,19079.13,15465600,593260.74161
27,19412.82,15552000,521385.45547
28,19591.51,15638400,406424.93256
29,19422.61,15724800,444322.9534
0,19310.95,15811200,165625.13959
1,19056.8,15897600,206812.47032
2,19629.08,15984000,293585.75212
3,20337.82,16070400,327012.00127
4,20158.26,16156800,312239.75224
5,19960.67,16243200,320122.1702
6,19530.09,16329600,220874.83913
7,19417.96,16416000,102480.09842
8,19439.02,16502400,113900.82681
9,19131.87,16588800,212509.09849
10,19060.0,16675200,243473.84286
11,19155.53,16761600,213826.26731
12,19375.13,16848000,399756.68337
13,19176.93,16934400,351634.32601
14,19069.39,17020800,113847.64232
15,19262.98,17107200,131894.61885
16,19549.86,17193600,222813.87634
17,19327.44,17280000,260313.07848
18,19123.97,17366400,186137.29538
19,19041.92,17452800,223530.13068
20,19164.37,17539200,269310.75769
21,19204.35,17625600,110403.90837
22,19570.4,17712000,167057.20184
23,19329.72,17798400,256168.14467
24,20080.07,17884800,326370.67061
25,20771.59,17971200,380492.69576
26,20295.11,18057600,328643.57791
27,20591.84,18144000,287039.94569
28,20809.67,18230400,254881.77755
29,20627.48,18316800,192795.60886
30,20490.74,18403200,303567.61628
0,20483.62,18489600,279932.43771
1,20151.84,18576000,373716.27299
2,20207.82,18662400,319185.1544
3,21148.52,18748800,453694.39165
4,21299.37,18835200,245621.98525
5,20905.58,18921600,230036.97217
6,20591.13,19008000,386977.60337
7,18547.23,19094400,760705.362783
8,15922.81,19180800,731926.929729
9,17601.15,19267200,608448.36432
10,17070.31,19353600,393552.86492
11,16812.08,19440000,167819.96035
12,16329.85,19526400,184960.78846
13,16619.46,19612800,380210.7775
14,16900.57,19699200,282461.84391
15,16662.76,19785600,261493.40809
16,16692.56,19872000,228038.97873
17,16700.45,19958400,214224.18184
18,16700.68,20044800,104963.15558
19,16280.23,20131200,154842.13478
20,15781.29,20217600,324096.997753
21,16226.94,20304000,239548.06623
22,16603.11,20390400,264927.70408
23,16598.95,20476800,206565.92346
24,16522.14,20563200,182089.49533
25,16458.57,20649600,181804.81666
26,16428.78,20736000,162025.47607
27,16212.91,20822400,252695.40367
28,16442.53,20908800,248106.25009
29,17163.64,20995200,303019.80719
0,16977.37,21081600,232818.18218
1,17092.74,21168000,202372.2062
2,16885.2,21254400,154542.57306
3,17105.7,21340800,178619.13387
4,16966.35,21427200,233703.29225
5,17088.96,21513600,218730.76883
6,16836.64,21600000,220657.41334
7,17224.1,21686400,236417.97804
8,17128.56,21772800,238422.06465
9,17127.49,21859200,140573.97937
10,17085.05,21945600,155286.47871
11,17209.83,22032000,226227.49694
12,17774.7,22118400,284462.9139
13,17803.15,22204800,266681.22209
14,17356.34,22291200,223701.96882
15,16632.12,22377600,253379.04116
16,16776.52,22464000,144825.66684
17,16738.21,22550400,112619.31646
18,16438.88,22636800,179094.28305
19,16895.56,22723200,248808.92324
20,16824.67,22809600,156810.96362
21,16821.43,22896000,176044.27235
22,16778.5,22982400,161612.00947
23,16836.12,23068800,100224.29096
24,16832.11,23155200,125441.07202
25,16919.39,23241600,124564.00656
26,16706.36,23328000,173749.58616
27,16547.31,23414400,193037.56577
28,16633.47,23500800,160998.47158
29,16607.48,23587200,164916.31174
30,16542.4,23673600,114490.42864
0,16616.75,23760000,96925.41374
1,16672.87,23846400,121888.57191
2,16675.18,23932800,159541.53733
3,16850.36,24019200,220362.18862
4,16831.85,24105600,163473.56641
5,16950.65,24192000,207401.28415
6,16943.57,24278400,104526.5688
7,17127.83,24364800,135155.89695
8,17178.26,24451200,266211.52723
9,17440.66,24537600,221382.42581
10,17943.26,24624000,262221.60653
11,18846.62,24710400,454568.32178
12,19930.01,24796800,368615.87823
13,20954.92,24883200,393913.74951
14,20871.5,24969600,178542.22549
15,21185.65,25056000,293078.08262
16,21134.81,25142400,275407.74409
17,20677.47,25228800,350916.01949
18,21071.59,25315200,251385.84925
19,22667.21,25401600,338079.13659
20,22783.55,25488000,346445.48432
21,22707.88,25574400,253577.75286
22,22916.45,25660800,293588.37938
23,22632.89,25747200,293158.78254
24,23060.94,25833600,346042.83223
25,23009.65,25920000,288924.43581
26,23074.16,26006400,280833.86315
27,23022.6,26092800,148115.71085
28,23742.3,26179200,295688.79204
29,22826.15,26265600,302405.90121
30,23125.13,26352000,264649.34909
0,23732.66,26438400,310790.42271
1,23488.94,26524800,364177.20751
2,23431.9,26611200,332571.02904
3,23326.84,26697600,166126.47295
4,22932.91,26784000,209251.33917
5,22762.52,26870400,265371.6069
6,23240.46,26956800,308006.72482
7,22963.0,27043200,280056.30717
8,21796.35,27129600,402894.6955
9,21625.19,27216000,338591.94247
10,21862.55,27302400,177021.58433
11,21783.54,27388800,204435.65163
12,21773.97,27475200,295730.76791
13,22199.84,27561600,361958.40109
14,24324.05,27648000,375669.16111
15,23517.72,27734400,450080.68366
16,24569.97,27820800,496813.21376
17,24631.95,27907200,216917.25213
18,24271.76,27993600,300395.99542
19,24842.2,28080000,346938.56997
20,24452.16,28166400,376000.82868
21,24182.21,28252800,379425.75365
22,23940.2,28339200,398400.45437
23,23185.29,28425600,343582.57453
24,23157.07,28512000,191311.8101
25,23554.85,28598400,202323.73623
26,23492.09,28684800,283706.0859
27,23141.57,28771200,264140.99894
0,23628.97,28857600,315287.41737
1,23465.32,28944000,239315.45219
2,22354.34,29030400,319954.19785
3,22346.57,29116800,121257.38132
4,22430.24,29203200,154841.75786
5,22410.0,29289600,203751.82957
6,22197.96,29376000,292519.80912
7,21705.44,29462400,301460.57272
8,20362.22,29548800,443658.28584
9,20150.69,29635200,618456.4671
10,20455.73,29721600,427831.82133
11,21997.11,29808000,430944.94288
12,24113.48,29894400,687889.31259
13,24670.41,29980800,699360.93423
14,24285.66,30067200,581450.72984
15,24998.78,30153600,439421.32998
16,27395.13,30240000,624460.68091
17,26907.49,30326400,371238.97174
18,27972.87,30412800,372066.99054
19,27717.01,30499200,477378.23373
20,28105.47,30585600,420929.7422
21,27250.97,30672000,224113.41296
22,28295.41,30758400,128649.60818
23,27454.47,30844800,86242.06544
24,27462.95,30931200,50844.08102
25,27968.05,31017600,49671.70353
26,27124.91,31104000,88039.46898
27,27261.07,31190400,78602.44341
28,28348.6,31276800,89486.16008
29,28028.53,31363200,98865.43256
30,28465.36,31449600,78198.12139
0,28452.73,31536000,30238.44753
1,28171.87,31622400,37365.65692
2,27800.0,31708800,79180.01405
3,28165.47,31795200,49722.55691
4,28170.01,31881600,60737.64732
5,28033.82,31968000,40118.94963
6,27906.33,32054400,24762.09387
7,27938.38,32140800,19479.96735
8,28323.76,32227200,32531.16101
9,29637.34,32313600,67754.0622
10,30200.42,32400000,67990.07621
11,29888.07,32486400,62049.48451
12,30373.84,32572800,51934.11731
13,30466.93,32659200,75984.19452
14,30295.09,32745600,25429.81247
15,30304.65,32832000,26431.99322
16,29430.27,32918400,56441.81127
17,30380.01,33004800,62004.89434
18,28797.1,33091200,86575.48656
19,28243.65,33177600,76879.09372
20,27262.84,33264000,77684.7679
21,27816.85,33350400,36023.69686
22,27590.6,33436800,34812.09581
23,27510.93,33523200,53111.56874
24,28300.79,33609600,52325.14637
25,28415.29,33696000,129228.40403
26,29472.77,33782400,95430.82431
27,29311.7,33868800,54298.16578
28,29230.45,33955200,20466.83058
29,29233.21,34041600,39752.5372
0,28068.26,34128000,64433.65958
1,28669.86,34214400,50824.5224
2,29026.16,34300800,64615.79213
3,28838.16,34387200,42575.47501
4,29505.61,34473600,58415.83048
5,28848.2,34560000,49249.28459
6,28430.1,34646400,30003.41028
7,27668.79,34732800,68244.36179
8,27628.27,34819200,40113.31069
9,27598.75,34905600,71155.11355
10,26968.62,34992000,47635.31365
11,26795.01,35078400,67207.93494
12,26775.28,35164800,22814.90421
13,26917.62,35251200,21594.8036
14,27162.14,35337600,40430.08333
15,27033.84,35424000,33270.45451
16,27405.61,35510400,42958.97785
17,26821.28,35596800,49198.65143
18,26880.26,35683200,28754.13544
19,27102.43,35769600,14434.54718
20,26747.78,35856000,21347.87279
21,26849.27,35942400,26458.83828
22,27219.61,36028800,38700.83858
23,26329.01,36115200,54393.0657
24,26473.79,36201600,37435.44895
25,26705.92,36288000,35061.18713
26,26854.27,36374400,15095.6867
27,28065.0,36460800,43916.00855
28,27736.4,36547200,42385.41945
29,27694.4,36633600,32686.75371
30,27210.35,36720000,46588.80573
0,26817.93,36806400,39217.8088
1,27242.59,36892800,36380.90269
2,27069.22,36979200,16595.34117
3,27115.21,37065600,19258.41049
4,25728.2,37152000,65805.60305
5,27230.08,37238400,68392.60438
6,26339.34,37324800,59619.44364
7,26498.61,37411200,31075.51083
8,26477.81,37497600,27934.7097
9,25841.21,37584000,64944.60108
10,25925.55,37670400,30014.29595
11,25905.19,37756800,29900.50893
12,25934.25,37843200,41065.60853
13,25128.6,37929600,45077.31608
14,25598.49,38016000,48664.86063
15,26345.0,38102400,51596.91662
16,26516.99,38188800,27842.2195
17,26339.97,38275200,21538.31022
18,26844.35,38361600,35872.65974
19,28307.99,38448000,69666.95525
20,29993.89,38534400,108926.40412
21,29884.92,38620800,59054.5646
22,30688.5,38707200,73931.89635
23,30527.43,38793600,30513.30135
24,30462.66,38880000,30223.44801
25,30267.99,38966400,45180.41489
26,30692.44,39052800,42699.64157
27,30077.41,39139200,40463.51937
28,30447.31,39225600,36330.62903
29,30472.0,39312000,89419.07618
0,30585.9,39398400,17501.75075
1,30617.03,39484800,23286.41019
2,31156.2,39571200,43761.64311
3,30766.51,39657600,33206.11943
4,30504.81,39744000,33215.67122
5,29895.43,39830400,71319.6261
6,30344.7,39916800,34070.53895
7,30284.63,40003200,13094.59042
8,30160.71,40089600,15388.50196
9,30411.57,40176000,41262.87652
10,30622.1,40262400,28476.83311
11,30380.0,40348800,38108.99669
12,31454.23,40435200,70772.51836
13,30312.01,40521600,60749.48424
14,30289.52,40608000,14118.55329
15,30231.99,40694400,15760.1281
16,30138.0,40780800,30882.76839
17,29859.13,40867200,30003.8601
18,29909.21,40953600,25657.36137
19,29800.0,41040000,37540.68193
20,29901.72,41126400,23881.40865
21,29794.0,41212800,14660.40467
22,30083.75,41299200,18292.78637
23,29176.5,41385600,39628.99691
24,29228.91,41472000,21565.7478
25,29351.96,41558400,33931.63366
26,29222.78,41644800,22476.47626
27,29314.14,41731200,23993.61627
28,29352.9,41817600,10851.36844
29,29281.09,41904000,15706.97441
30,29232.25,41990400,22605.48964
0,29705.99,42076800,44719.65162
1,29186.01,42163200,48181.65141
2,29193.64,42249600,26476.91994
3,29113.99,42336000,23551.95217
4,29072.13,42422400,11645.52018
5,29088.42,42508800,13178.1972
6,29211.06,42595200,30966.87746
7,29770.42,42681600,45700.53392
8,29581.99,42768000,38003.88725
9,29455.75,42854400,23463.45373
10,29426.03,42940800,20637.0443
11,29430.17,43027200,8971.48068
12,29303.84,43113600,11101.70947
13,29430.93,43200000,31443.11532
14,29200.0,43286400,27503.87691
15,28730.51,43372800,32996.69854
16,26623.41,43459200,100271.54033
17,26054.0,43545600,69790.65711
18,26100.01,43632000,26160.75343
19,26189.99,43718400,19056.91209
20,26126.92,43804800,30267.24233
21,26056.0,43891200,34247.06688
22,26432.72,43977600,44023.69978
23,26180.05,44064000,30205.22116
24,26060.01,44150400,27753.33772
25,26017.37,44236800,10022.22322
26,26101.77,44323200,12099.64216
27,26120.0,44409600,22692.62655
28,27716.34,44496000,74251.99488
29,27299.99,44582400,35448.25848
30,25940.78,44668800,51032.80401
0,25805.05,44755200,41032.15056
1,25869.51,44841600,16250.77698
2,25971.21,44928000,17474.47667
3,25826.02,45014400,21777.59609
4,25792.1,45100800,21323.39337
5,25759.95,45187200,27262.52386
6,26255.0,45273600,27687.49567
7,25910.5,45360000,28999.76471
8,25901.61,45446400,10980.62277
9,25841.61,45532800,18738.26914
10,25162.52,45619200,41682.32
11,25840.1,45705600,56434.38537
12,26222.0,45792000,31610.82753
13,26522.73,45878400,38333.1725
14,26600.0,45964800,26227.29369
15,26559.67,46051200,13960.93351
16,26527.51,46137600,12998.10277
17,26762.51,46224000,43000.43256
18,27210.26,46310400,36190.52187
19,27125.0,46396800,34207.21867
20,26568.08,46483200,34476.82662
21,26580.14,46569600,18198.2292
22,26575.96,46656000,9440.7026
23,26248.38,46742400,15706.65771
24,26304.81,46828800,26266.2039
25,26221.67,46915200,18495.35066
26,26372.99,47001600,34771.57978
27,27021.39,47088000,44517.83491
28,26906.96,47174400,28478.76219
29,26962.56,47260800,12804.62307
0,27992.57,47347200,24602.81468
1,27494.51,47433600,57071.14241
2,27426.46,47520000,28928.96555
3,27778.57,47606400,29816.142
4,27410.39,47692800,30681.49619
5,27931.09,47779200,37983.24277
6,27956.67,47865600,13348.83825
7,27917.05,47952000,19693.56921
8,27590.12,48038400,31534.74639
9,27390.12,48124800,22776.84383
10,26875.52,48211200,37349.44706
11,26759.63,48297600,23428.64112
12,26862.0,48384000,24115.76499
13,26852.48,48470400,10417.25576
14,27154.15,48556800,15274.6917
15,28500.78,48643200,78399.22445
16,28395.91,48729600,38428.44532
17,28320.0,48816000,32162.47591
18,28713.71,48902400,35895.50179
19,29669.04,48988800,59422.0992
20,29909.8,49075200,27517.51897
21,29992.46,49161600,22852.54563
22,33069.99,49248000,93513.64246
23,33922.73,49334400,115265.02418
24,34496.05,49420800,54887.02529
25,34151.66,49507200,39744.66255
26,33892.02,49593600,32330.40106
27,34081.0,49680000,16880.13144
28,34525.89,49766400,20685.52176
29,34474.73,49852800,33657.95976
30,34639.77,49939200,32737.89822
0,35421.43,50025600,53473.28165
1,34941.59,50112000,48015.57732
2,34716.78,50198400,39071.20644
3,35062.07,50284800,18377.55545
4,35011.88,50371200,24528.73376
5,35046.09,50457600,22346.47086
6,35399.12,50544000,38688.73692
7,35624.72,50630400,33401.34137
8,36701.09,50716800,82537.88885
9,37301.63,50803200,43414.04898
10,37130.0,50889600,22984.97235
11,37064.13,50976000,17687.18874
12,36462.93,51062400,32798.18252
13,35551.19,51148800,45503.68416
14,37858.2,51235200,53569.13385
15,36163.51,51321600,47490.39566
16,36613.92,51408000,38283.61112
17,36568.1,51494400,17102.24186
18,37359.86,51580800,21246.34648
19,37448.78,51667200,36022.70291
20,35741.65,51753600,47646.54804
21,37408.34,51840000,45051.30697
22,37294.28,51926400,23827.92882
23,37713.57,52012800,44680.80646
24,37780.67,52099200,11396.14464
25,37447.43,52185600,21264.53723
26,37242.7,52272000,30001.07376
27,37818.87,52358400,37544.46667
28,37854.64,52444800,32994.19107
29,37723.96,52531200,24740.29147
0,38682.52,52617600,43415.66324
1,39450.35,52704000,26696.92161
2,39972.26,52790400,26710.65335
3,41991.1,52876800,79272.33059
4,44073.32,52963200,67490.74644
5,43762.69,53049600,51431.10492
6,43273.14,53136000,47103.26845
7,44170.99,53222400,42900.37556
8,43713.6,53308800,24925.97008
9,43789.51,53395200,18956.61758
10,41253.4,53481600,76663.89804
11,41492.39,53568000,42722.69773
12,42869.03,53654400,45865.99773
13,43022.26,53740800,42047.05709
14,41940.3,53827200,33421.7932
15,42278.03,53913600,24118.85747
16,41374.65,54000000,27722.11452
17,42657.8,54086400,46734.0925
18,42275.99,54172800,40927.86444
19,43668.93,54259200,48710.2947
20,43861.8,54345600,34624.29384
21,43969.04,54432000,32783.19638
22,43702.16,54518400,16557.1293
23,42991.5,54604800,25144.33496
24,43576.13,54691200,27021.23992
25,42508.93,54777600,41010.04282
26,43428.85,54864000,36191.21136
27,42563.76,54950400,35150.52485
28,42066.95,55036800,42597.18912
29,42140.28,55123200,22906.57818
30,42283.58,55209600,23585.91603
0,44179.55,55296000,27174.29903
1,44946.91,55382400,65146.40661
2,42845.23,55468800,81194.55173
3,44151.1,55555200,48038.06334
4,44145.11,55641600,48075.25327
5,43968.32,55728000,17835.06144
6,43929.02,55814400,23023.8508
7,46951.04,55900800,72814.57589
8,46110.0,55987200,69927.66617
9,46653.99,56073600,89911.41203
10,46339.16,56160000,87470.3296
11,42782.73,56246400,86327.93707
12,42847.99,56332800,36118.47464
13,41732.35,56419200,28228.40894
14,42511.1,56505600,40269.89303
15,43137.95,56592000,45045.74589
16,42776.1,56678400,33266.21388
17,41327.5,56764800,43907.51641
18,41659.03,56851200,48342.74559
19,41696.04,56937600,15923.99493
20,41580.33,57024000,11730.16301
21,39568.02,57110400,55426.19911
22,39897.6,57196800,57956.63351
23,40084.88,57283200,39293.82861
24,39961.09,57369600,31022.11853
25,41823.51,57456000,47384.96726
26,42120.63,57542400,16224.41667
27,42031.06,57628800,27294.99838
28,43302.7,57715200,31542.74207
29,42941.1,57801600,37619.24546
30,42580.0,57888000,39871.13688
0,43082.94,57974400,35231.04664
1,43200.0,58060800,29672.14418
2,43011.09,58147200,12033.40998
3,42582.88,58233600,17066.89404
4,42708.7,58320000,29467.75905
5,43098.95,58406400,24675.85433
6,44349.6,58492800,34392.59915
7,45288.65,58579200,45439.62231
8,47132.77,58665600,73503.481
9,47751.09,58752000,24802.35936
10,48299.99,58838400,29958.80837
11,49917.27,58924800,59009.96705
12,49699.59,59011200,55551.56706
13,51795.17,59097600,57046.37401
14,51880.0,59184000,53816.03055
15,52124.11,59270400,37772.25318
16,51642.64,59356800,25674.00622
17,52137.67,59443200,21992.10363
18,51774.73,59529600,29534.99432
19,52258.82,59616000,49614.47318
20,51849.39,59702400,43079.40049
21,51288.42,59788800,35309.44574
22,50744.15,59875200,30545.79544
23,51568.22,59961600,16560.4211
24,51728.85,60048000,18721.63159
25,54476.47,60134400,51256.72199
26,57037.34,60220800,67194.98562
27,62432.1,60307200,118763.46984
28,61130.98,60393600,78425.07603
0,62387.9,60480000,47737.93473
1,61987.28,60566400,25534.73659
2,63113.97,60652800,28994.90903
3,68245.71,60739200,84835.16005
4,63724.01,60825600,132696.7813
5,66074.04,60912000,78738.85491
6,66823.17,60998400,53059.8869
7,68124.19,61084800,74261.932842
8,68313.27,61171200,19872.89743
9,68955.88,61257600,38404.66835
10,72078.1,61344000,75292.825726
11,71452.01,61430400,68783.546691
12,73072.41,61516800,52659.711647
13,71388.94,61603200,71757.628746
14,69499.85,61689600,103334.03546
15,65300.63,61776000,55926.95336
16,68393.48,61862400,49742.21589
17,67609.99,61948800,55691.08088
18,61937.4,62035200,101005.32487
19,67840.51,62121600,90420.58592
20,65501.27,62208000,53357.48002
21,63796.64,62294400,51482.37821
22,63990.01,62380800,26410.11409
23,67209.99,62467200,31395.78015
24,69880.01,62553600,53431.14486
25,69988.0,62640000,38934.38417
26,69469.99,62726400,49119.35685
27,70780.6,62812800,35439.03239
28,69850.54,62899200,25445.08353
29,69582.18,62985600,13644.61142
30,71280.01,63072000,19396.34433
0,69649.8,63158400,41445.32039
1,65463.99,63244800,71799.82793
2,65963.28,63331200,39887.21778
3,68487.79,63417600,41510.48453
4,67820.62,63504000,37915.23073
5,68896.0,63590400,20134.28919
6,69360.39,63676800,21534.74433
7,71620.0,63763200,45723.87624
8,69146.0,63849600,39293.90242
9,70631.08,63936000,42006.02377
10,70006.23,64022400,31917.25595
11,67116.52,64108800,56072.86229
12,63924.51,64195200,71395.22019
13,65661.84,64281600,61599.17818
14,63419.99,64368000,52389.53069
15,63793.39,64454400,53435.29331
16,61277.37,64540800,50610.54509
17,63470.08,64627200,43601.60918
18,63818.01,64713600,69774.30271
19,64940.59,64800000,23137.42975
20,64941.15,64886400,19316.42152
21,66819.32,64972800,31397.99371
22,66414.0,65059200,22599.90004
23,64289.59,65145600,33595.69637
24,64498.34,65232000,31341.46338
25,63770.01,65318400,27085.19346
26,63461.98,65404800,20933.06052
27,63118.62,65491200,16949.20005
28,63866.0,65577600,28150.22947
29,60672.0,65664000,54947.65535
0,58364.97,65750400,81166.46823
1,59060.61,65836800,47583.81961
2,62882.01,65923200,43628.40143
3,63892.04,66009600,24368.69282
4,64012.0,66096000,18526.75029
5,63165.19,66182400,34674.91949
6,62312.08,66268800,25598.79472
7,61193.03,66355200,26121.19004
8,63074.01,66441600,30660.8061
9,60799.99,66528000,36529.34025
10,60825.99,66614400,13374.56936
11,61483.99,66700800,12753.13236
12,62940.08,66787200,32733.41839
13,61577.49,66873600,29088.72041
14,66206.5,66960000,43559.74719
15,65235.21,67046400,31106.3671
16,67024.0,67132800,26292.23409
17,66915.2,67219200,14441.25774
18,66274.01,67305600,18025.30409
19,71446.62,67392000,50816.7011
20,70148.34,67478400,49607.4336
21,69166.62,67564800,27673.18026
22,67969.65,67651200,40513.17374
23,68549.99,67737600,28095.83664
24,69290.57,67824000,12130.39418
25,68507.67,67910400,11872.11797
26,69436.43,67996800,23136.92737
27,68398.39,68083200,32622.97042
28,67652.42,68169600,23159.83149
29,68352.17,68256000,28478.2184
30,67540.01,68342400,26690.32184
0,67766.85,68428800,8837.66133
1,67765.63,68515200,15426.32529
2,68809.9,68601600,29633.374
3,70537.84,68688000,29619.78489
4,71108.0,68774400,28703.18082
5,70799.06,68860800,21842.00449
6,69355.6,68947200,35598.45045
7,69310.46,69033600,9773.82967
8,69648.14,69120000,9890.56709
9,69540.0,69206400,17122.66941
10,67314.24,69292800,41436.01588
11,68263.99,69379200,37175.32356
12,66773.01,69465600,29079.55571
13,66043.99,69552000,28408.18797
14,66228.25,69638400,11451.80242
15,66676.87,69724800,9392.52223
16,66504.33,69811200,27386.16851
17,65175.32,69897600,42350.10244
18,64974.37,69984000,20060.79576
19,64869.99,70070400,24265.29031
20,64143.56,70156800,25993.56442
21,64262.01,70243200,7308.95542
22,63210.01,70329600,8224.45447
23,60293.3,70416000,52161.35414
24,61806.01,70502400,31189.24361
25,60864.99,70588800,22485.66463
26,61706.47,70675200,18344.28631
27,60427.84,70761600,24821.19255
28,60986.68,70848000,11509.55904
29,62772.01,70934400,17326.30136
0,62899.99,71020800,24547.10538
1,62135.47,71107200,18573.11875
2,60208.58,71193600,32160.11127
3,57050.01,71280000,54568.77276
4,56628.79,71366400,81348.24756
5,58230.13,71452800,21651.31558
6,55857.81,71539200,19118.93918
7,56714.62,71625600,48090.2049
8,58050.0,71712000,27732.20788
9,57725.85,71798400,24951.73799
10,57339.89,71884800,29761.05735
11,57889.1,71971200,23652.4569
12,59204.02,72057600,15357.74519
13,60797.91,72144000,21178.33907
14,64724.14,72230400,38690.9782
15,65043.99,72316800,42530.52915
16,64087.99,72403200,29567.52954
17,63987.92,72489600,22568.7225
18,66660.0,72576000,35634.72739
19,67139.96,72662400,14386.92434
20,68165.34,72748800,21819.11191
21,67532.01,72835200,21451.04303
22,65936.01,72921600,31406.15316
23,65376.0,73008000,23082.56277
24,65799.95,73094400,35126.42934
25,67907.99,73180800,24244.36023
26,67896.5,73267200,31710.21921
27,68249.88,73353600,10868.69394
28,66784.69,73440000,36467.29633
29,66188.0,73526400,23132.25441
30,64628.0,73612800,22625.43905
0,65354.02,73699200,35542.26854
1,61498.33,73785600,38820.42937
2,60697.99,73872000,28034.71567
3,58161.0,73958400,31616.52003
4,54018.81,74044800,162065.59186
5,56022.01,74131200,55884.77676
6,55134.16,74217600,44269.37684
7,61685.99,74304000,48349.52949
8,60837.99,74390400,30972.48017
9,60923.51,74476800,9995.20621
10,58712.59,74563200,19189.84512
11,59346.64,74649600,37009.91743
12,60587.15,74736000,27858.95851
13,58683.39,74822400,28422.76326
14,57541.06,74908800,37686.17622
15,58874.6,74995200,27610.84344
16,59491.99,75081600,7721.72931
17,58427.35,75168000,13634.85717
18,59438.5,75254400,22809.31251
19,59013.8,75340800,31477.44548
20,61156.03,75427200,27983.6422
21,60375.84,75513600,21241.20588
22,64037.24,75600000,38118.07089
23,64157.01,75686400,15857.15616
24,64220.0,75772800,12305.47977
25,62834.0,75859200,19470.05276
26,59415.0,75945600,35135.94178
27,59034.9,76032000,36868.54275
28,59359.01,76118400,27020.90743
29,59123.99,76204800,28519.32195
30,58973.99,76291200,8798.409
0,57301.86,76377600,20705.15741
1,59132.13,76464000,22895.01461
2,57487.73,76550400,22828.18447
3,57970.9,76636800,35560.82146
4,56180.0,76723200,27806.91413
5,53962.97,76809600,54447.76826
6,54160.86,76896000,16694.04774
7,54869.95,76982400,16274.14779
8,57042.0,77068800,32384.51737
9,57635.99,77155200,23626.78126
10,57338.0,77241600,33026.56757
11,58132.32,77328000,31074.40631
12,60498.0,77414400,29825.23333
13,59993.03,77500800,12137.90901
14,59132.0,77587200,13757.92361
15,58213.99,77673600,26477.5642
16,60313.99,77760000,33116.25878
17,61759.99,77846400,36087.02469
18,62947.99,77932800,34332.52608
19,63201.05,78019200,25466.37794
20,63348.96,78105600,8375.34608
21,63578.76,78192000,14242.19892
22,63339.99,78278400,24078.05287
23,64262.7,78364800,23185.04759
24,63152.01,78451200,17813.11168
25,65173.99,78537600,28373.30593
26,65769.95,78624000,22048.80487
27,65858.0,78710400,9127.23316
28,65602.01,78796800,8337.74111
29,63327.59,78883200,30011.08752
0,60805.78,78969600,43671.48108
1,60649.28,79056000,31534.70118
2,60752.71,79142400,26221.43472
3,62086.0,79228800,21294.65994
4,62058.0,79315200,7807.46141
5,62819.91,79401600,8906.86177
6,62224.0,79488000,25966.1852
7,62160.49,79574400,19702.22371
8,60636.02,79660800,20011.15684
9,60326.39,79747200,23967.92481
10,62540.0,79833600,23641.35209
11,63206.22,79920000,10911.30116
12,62870.02,80006400,11909.21995
13,66083.99,80092800,37669.95222
14,67074.14,80179200,43683.95423
15,67620.01,80265600,29938.25544
16,67421.78,80352000,25328.22861
17,68428.0,80438400,28725.635
18,68378.0,80524800,8193.66737
19,69031.99,80611200,12442.47378
20,67377.5,80697600,31374.42184
21,67426.0,80784000,24598.96268
22,66668.65,80870400,25530.2407
23,68198.28,80956800,22589.83877
24,66698.33,81043200,34479.71125
25,67092.76,81129600,11842.9077
26,68021.7,81216000,8653.19592
27,69962.21,81302400,29046.75459
28,72736.42,81388800,50128.60594
29,72344.74,81475200,26885.99056
30,70292.01,81561600,29352.10297
0,69496.01,81648000,38301.86755
1,69374.74,81734400,10521.67243
2,68775.99,81820800,24995.70243
3,67850.01,81907200,29800.39187
4,69372.01,81993600,33355.06888
5,75571.99,82080000,104126.994787
6,75857.89,82166400,44869.422345
7,76509.78,82252800,36521.099583
8,76677.46,82339200,16942.07915
9,80370.01,82425600,61830.100435
10,88647.99,82512000,82323.665776
11,87952.01,82598400,97299.887911
12,90375.2,82684800,86763.854127
13,87325.59,82771200,56729.51086
14,91032.07,82857600,47927.95068
15,90586.92,82944000,22717.87689
16,89855.99,83030400,23867.55609
17,90464.08,83116800,46545.03448
18,92310.79,83203200,43660.04682
19,94286.56,83289600,42203.198712
20,98317.12,83376000,69228.360477
21,98892.0,83462400,46189.309243
22,97672.4,83548800,24757.84367
23,97900.04,83635200,31200.97838
24,93010.01,83721600,50847.45096
25,91965.16,83808000,57858.73138
26,95863.11,83894400,41153.42734
27,95643.98,83980800,28814.54357
28,97460.0,84067200,27701.78231
29,96407.99,84153600,14503.83306
0,97185.18,84240000,16938.60452
1,95840.62,84326400,37958.66981
2,95849.69,84412800,35827.32283
3,98587.32,84499200,43850.53728
4,96945.63,84585600,109921.729662
5,99740.84,84672000,45049.5331
6,99831.99,84758400,14931.9459
7,101109.59,84844800,14612.99688
8,97276.47,84931200,53949.11595
9,96593.0,85017600,51708.68933
10,101125.0,85104000,37753.78291
11,100004.29,85190400,29232.08745
12,101424.25,85276800,21904.03923
13,101420.0,85363200,14191.70326
14,104463.99,85449600,22228.921775
15,106058.66,85536000,41302.40274
16,106133.74,85622400,29064.936466
17,100204.01,85708800,50307.99755
18,97461.86,85795200,55147.398
19,97805.44,85881600,62884.1357
20,97291.99,85968000,23483.54143
21,95186.27,86054400,19353.83036
22,94881.47,86140800,32810.76703
23,98663.58,86227200,23674.22488
24,99429.6,86313600,14474.1651
25,95791.6,86400000,21192.36727
26,94299.03,86486400,26501.26429
27,95300.0,86572800,8385.8929
28,93738.2,86659200,13576.00578
29,92792.05,86745600,27619.4225
30,93576.0,86832000,19612.03389
0,94591.79,1734127142400,10373.32613
1,96984.79,1734213542400,21970.48948
2,98174.18,1734299942400,15253.82936
3,98220.5,1734386342400,8990.05651
4,98363.61,1734472742400,8095.63723
5,102235.6,1734559142400,25263.43375
6,96954.61,1734645542400,32059.87537
7,95060.61,1734731942400,33704.67894
8,92552.49,1734818342400,34544.83685
9,94726.11,1734904742400,31482.86424
10,94599.99,1734991142400,7047.9043
11,94545.06,1735077542400,8606.86622
12,94536.1,1735163942400,42619.56423
13,96560.86,1735250342400,27846.61753
14,100497.35,1735336742400,30509.99179
15,99987.3,1735423142400,27832.85317
16,104077.48,1735509542400,39171.85292
17,104556.23,1735595942400,24307.82998
18,101331.57,1735682342400,43397.28298
19,102260.01,1735768742400,89529.231732
20,106143.82,1735855142400,45941.02002
21,103706.66,1735941542400,22248.69254
22,103910.34,1736027942400,53953.12031
23,104870.5,1736114342400,23609.24017
24,104746.85,1736200742400,9068.32377
25,102620.0,1736287142400,9812.51238
26,102082.83,1736373542400,50758.1341
27,101335.52,1736459942400,22022.05765
28,103733.24,1736546342400,23155.35802
29,104722.94,1736632742400,19374.07472
30,102429.56,1736719142400,21983.18193
0,100635.65,1736805542400,12290.95747
1,97700.59,1736891942400,34619.49939
2,101328.52,1736978342400,75164.7385
3,97763.13,1737064742400,40267.98697
4,96612.43,1737151142400,26233.30444
5,96554.35,1737237542400,23515.20405
6,96506.8,1737323942400,31794.22065
7,96444.74,1737410342400,10147.24294
8,96462.75,1737496742400,14120.91613
9,97430.82,1737583142400,20572.87537
10,95778.2,1737669542400,18647.76379
11,97869.99,1737755942400,29151.16625
12,96608.14,1737842342400,19921.77616
13,97500.48,1737928742400,18173.02646
14,97569.66,1738015142400,7349.37683
15,96118.12,1738101542400,8191.4249
16,95780.0,1738187942400,16492.0451
17,95671.74,1738274342400,23368.19471
18,96644.37,1738360742400,16438.50954
19,98305.0,1738447142400,17057.39177
20,96181.98,1738533542400,32249.2814
21,96551.01,1738619942400,11268.17708
22,96258.0,1738706342400,10884.84913
23,91552.88,1738792742400,31550.10299
24,88680.4,1738879142400,78333.11111
25,84250.09,1738965542400,56893.54409
26,84708.58,1739051942400,42505.45439
27,84349.94,1739138342400,83648.03969
0,86064.53,1739224742400,25785.05464
1,94270.0,1739311142400,54889.09045
2,86220.61,1739397542400,59171.10218
3,87281.98,1739483942400,55609.10706
4,90606.01,1739570342400,38264.01163
5,89931.89,1739656742400,34342.44902
6,86801.75,1739743142400,57980.35713
7,86222.45,1739829542400,12989.23054
8,80734.37,1739915942400,26115.39345
9,78595.86,1740002342400,47633.38405
10,82932.99,1740088742400,48770.06853
11,83680.12,1740175142400,31933.986
12,81115.78,1740261542400,27546.27412
13,83983.2,1740347942400,26858.52755
14,84338.44,1740434342400,11324.7332
15,82574.53,1740520742400,17596.12531
16,84010.03,1740607142400,17214.74358
17,82715.03,1740693542400,17610.89883
18,86845.94,1740779942400,28151.05374
19,84223.39,1740866342400,22090.30463
20,84088.79,1740952742400,11956.97443
21,83840.59,1741039142400,5420.22114
22,86082.5,1741125542400,8461.97813
23,87498.16,1741211942400,30115.62111
24,87392.87,1741298342400,22643.25248
25,86909.17,1741384742400,18408.78485
26,87232.01,1741471142400,17098.03897
27,84424.38,1741557542400,27182.73169
28,82648.54,1741643942400,11696.39864
29,82389.99,1741730342400,9864.49508
30,82550.01,1741816742400,20569.13885
0,85158.34,1741903142400,20190.39697
1,82516.29,1741989542400,39931.457
2,83213.09,1742075942400,27337.84135
3,83889.87,1742162342400,32915.53976
4,83537.99,1742248742400,9360.40468
5,78430.0,1742335142400,27942.71436
6,79163.24,1742421542400,78387.53089
7,76322.42,1742507942400,35317.32063
8,82615.22,1742594342400,75488.28772
9,79607.3,1742680742400,33284.80718
10,83423.84,1742767142400,34435.43797
11,85276.9,1742853542400,18470.74437
12,83760.0,1742939942400,24680.04181
13,84591.58,1743026342400,28659.09348
14,83643.99,1743112742400,20910.99528
15,84030.38,1743199142400,20867.24519
16,84947.91,1743285542400,13728.84772
17,84474.69,1743371942400,6529.96315
18,85077.01,1743458342400,9666.58153
19,85179.24,1743544742400,8091.67725
20,87516.23,1743631142400,31773.37262
21,93442.99,1743717542400,43872.74705
22,93691.08,1743803942400,27404.16808
23,93980.47,1743890342400,19497.06071
24,94638.68,1743976742400,27500.66648
25,94628.0,1744063142400,9415.06875
26,93749.3,1744149542400,11162.841
27,95011.18,1744235942400,22157.53351
28,94256.82,1744322342400,16955.3402
29,94172.0,1744408742400,17661.2751
0,96489.91,1744495142400,21380.45343
1,96887.14,1744581542400,14905.74811
2,95856.42,1744667942400,9723.34838
3,94277.62,1744754342400,11036.38342
4,94733.68,1744840742400,17251.18189
5,96834.02,1744927142400,16122.64513
6,97030.5,1745013542400,16644.83854
7,103261.6,1745099942400,34962.02847
8,102971.99,1745186342400,27617.39907
9,104809.53,1745272742400,15324.78611
10,104118.0,1745359142400,17987.12197
11,102791.32,1745445542400,31272.77792
12,104103.72,1745531942400,21253.42409
13,103507.82,1745618342400,16452.9081
14,103763.71,1745704742400,17998.98604
15,103463.9,1745791142400,15683.88024
16,103126.65,1745877542400,11250.89622
17,106454.26,1745963942400,21599.98726
18,105573.74,1746050342400,30260.03524
19,106849.99,1746136742400,23705.48275
20,109643.99,1746223142400,45531.040345
21,111696.21,1746309542400,31630.77313
22,107318.3,1746395942400,31737.72309
23,107761.91,1746482342400,16782.53129
24,109004.19,1746568742400,17710.04695
25,109434.79,1746655142400,14649.11593
26,108938.17,1746741542400,21276.65635
27,107781.78,1746827942400,15633.78829
28,105589.75,1746914342400,19834.70116
29,103985.48,1747000742400,23706.49799
30,104591.88,1747087142400,11289.35922
0,105642.93,1747173542400,9709.70006
1,105857.99,1747259942400,13453.98813
2,105376.89,1747346342400,13259.52634
3,104696.86,1747432742400,14034.89482
4,101508.68,1747519142400,22321.50154
5,104288.44,1747605542400,15839.07385
6,105552.15,1747691942400,8344.93206
7,105734.0,1747778342400,8048.06305
8,110263.02,1747864742400,19975.37451
9,110274.39,1747951142400,17071.82839
10,108645.12,1748037542400,13115.91638
11,105671.73,1748123942400,17778.67218
12,106066.59,1748210342400,26180.81734
13,105414.64,1748296742400,8798.93969
14,105594.01,1748383142400,7164.20047
15,106794.53,1748469542400,14922.6654
16,104551.17,1748555942400,17866.33025
17,104886.78,1748642342400,13968.64167
18,104658.59,1748728742400,7678.60737
19,103297.99,1748815142400,16419.06283
20,102120.01,1748901542400,11154.21332
21,100963.87,1748987942400,28746.41072
22,105333.93,1749074342400,27666.50609
23,106083.0,1749160742400,14651.69335
24,107340.58,1749247142400,16701.15551
25,106947.06,1749333542400,10573.27279
26,107047.59,1749419942400,12232.44042
27,107296.79,1749506342400,3282.17352
28,108356.93,1749592742400,6831.7364
29,107146.5,1749679142400,9754.12491
0,105681.14,1749765542400,10505.62437
1,108849.6,1749851942400,17691.89592
2,109584.78,1749938342400,13047.08225
3,107984.24,1750024742400,11793.86615
4,108198.12,1750111142400,3736.9757
5,109203.84,1750197542400,6447.607
6,108262.94,1750283942400,9405.37601
7,108922.98,1750370342400,9216.0208
8,111233.99,1750456742400,17282.2865
9,116010.0,1750543142400,24883.450665
10,117527.66,1750629542400,25873.521148
11,117420.0,1750715942400,8446.60437
12,119086.64,1750802342400,9550.792947
13,119841.18,1750888742400,27269.348877
14,117758.09,1750975142400,32018.46083
15,118630.43,1751061542400,17039.90851
16,119177.56,1751147942400,15728.57651
17,117924.84,1751234342400,19924.66266
18,117840.0,1751320742400,6635.80306
19,117265.12,1751407142400,12962.92889
20,117380.36,1751493542400,17107.33128
21,119954.42,1751579942400,20959.12973
22,118755.99,1751666342400,14558.75083
23,118340.99,1751752742400,15806.89043
24,117614.31,1751839142400,38406.34873
25,117919.99,1751925542400,6991.67206
26,119415.55,1752011942400,9328.30919
27,118062.32,1752098342400,13961.74754
28,117950.76,1752184742400,15137.93445
29,117840.3,1752271142400,15586.73631
30,115764.08,1752357542400,17010.0073
0,113297.93,1752443942400,24487.10206
1,112546.35,1752530342400,11507.33428
2,114208.8,1752616742400,7397.76046
3,115055.03,1752703142400,9667.67916
4,114129.75,1752789542400,12042.79078
5,114992.27,1752875942400,9761.15318
6,117472.01,1752962342400,13468.56263
7,116674.74,1753048742400,10045.31278
8,116462.25,1753135142400,9514.13144
9,119294.01,1753221542400,14322.77073
10,118686.0,1753307942400,26494.33429
11,120134.08,1753394342400,16720.10893
12,123306.43,1753480742400,23210.07102
13,118295.09,1753567142400,27980.947586
14,117342.05,1753653542400,13623.33874
15,117380.66,1753739942400,6393.68117
16,117405.01,1753826342400,5898.64192
17,116227.05,1753912742400,17745.93954
18,112872.94,1753999142400,18065.47424
19,114271.24,1754085542400,15636.34194
20,112500.0,1754171942400,10839.69235
21,116935.99,1754258342400,23128.09037
22,115438.05,1754344742400,11329.36197
23,113493.59,1754431142400,21175.98462
24,110111.98,1754517542400,25182.79379
25,111763.22,1754603942400,18452.43877
26,111262.01,1754690342400,13392.60875
27,112566.9,1754776742400,11104.27744
28,108377.4,1754863142400,22580.31045
29,108816.33,1754949542400,10708.39159
30,108246.35,1755035942400,9489.51596
0,109237.42,1755122342400,16053.60219
1,111240.01,1755208742400,18510.28756
2,111705.71,1755295142400,11773.72084
3,110730.87,1755381542400,12203.13536
4,110659.99,1755467942400,21587.40888
5,110187.97,1755554342400,5000.29897
6,111137.34,1755640742400,5681.29944
7,112065.23,1755727142400,11582.40211
8,111546.39,1755813542400,15379.28248
9,113960.0,1755899942400,17517.41823
10,115482.69,1755986342400,13676.73119
11,116029.42,1756072742400,15324.10719
12,115918.29,1756159142400,8269.40394
13,115268.01,1756245542400,6707.60197
14,115349.71,1756331942400,13212.51149
15,116788.96,1756418342400,10926.9094
16,116447.59,1756504742400,16754.2454
17,117073.53,1756591142400,11657.23365
18,115632.38,1756677542400,8992.09065
19,115685.63,1756763942400,4674.92752
20,115232.29,1756850342400,4511.52219
21,112650.99,1756936742400,20781.71356
22,111998.8,1757023142400,12301.3203
23,113307.0,1757109542400,12369.25967
24,108994.49,1757195942400,21231.14957
25,109643.46,1757282342400,14243.01591
26,109635.85,1757368742400,5501.78643
27,112163.95,1757455142400,7542.3316
28,114311.96,1757541542400,15541.12005
29,114048.93,1757627942400,15044.15633
0,118594.99,1757714342400,20036.39516
1,120529.35,1757800742400,19670.83503
2,122232.0,1757887142400,23936.328
3,122391.0,1757973542400,8208.16678
4,123482.31,1758059942400,22043.097553
5,124658.54,1758146342400,19494.628793
6,121332.95,1758232742400,21633.99385
7,123306.0,1758319142400,17012.618
8,121662.4,1758405542400,21559.36007
9,112774.5,1758491942400,64171.93927
10,110644.4,1758578342400,35448.51652
11,114958.8,1758664742400,32255.30272
12,115166.0,1758751142400,22557.24033
13,113028.14,1758837542400,31870.32974
14,110763.28,1758923942400,22986.48811
15,108194.28,1759010342400,29857.17252
16,106431.68,1759096742400,37920.66838
17,107185.01,1759183142400,11123.18766
18,108642.78,1759269542400,15480.66423
19,110532.09,1759355942400,19193.4416
20,108297.67,1759442342400,37228.01659
21,107567.44,1759528742400,28610.78451
22,110078.18,1759615142400,17573.09294
23,111004.89,1759701542400,15005.16913
24,111646.27,1759787942400,6407.96864
25,114559.4,1759874342400,13454.47737
26,114107.65,1759960742400,21450.23241
27,112898.45,1760047142400,15523.42257
28,110021.29,1760133542400,21079.71376
29,108322.88,1760219942400,25988.82838
30,109608.01,1760306342400,21518.20439
0,110098.1,1760392742400,7378.50431
1,110540.68,1760479142400,12107.00087
2,106583.04,1760565542400,28681.18779
3,101497.22,1760651942400,50534.87376
4,103885.16,1760738342400,33778.77571
5,101346.04,1760824742400,25814.62139
6,103339.08,1760911142400,32059.50942
7,102312.94,1760997542400,12390.77985
8,104722.96,1761083942400,16338.97096
9,106011.13,1761170342400,22682.25673
10,103058.99,1761256742400,24196.50718
11,101654.37,1761343142400,20457.63906
12,99692.02,1761429542400,36198.50771
13,94594.0,1761515942400,47288.14481
14,95596.24,1761602342400,15110.89391
15,94261.44,1761688742400,23889.4051
16,92215.14,1761775142400,39218.59806
17,92960.83,1761861542400,39835.14769
18,91554.96,1761947942400,32286.6376
19,86637.23,1762034342400,39733.19073
20,85129.43,1762120742400,72256.12679
21,84739.74,1762207142400,14193.93263
22,86830.0,1762293542400,19734.46418
23,88300.01,1762379942400,24663.12795
24,87369.96,1762466342400,19567.0411
25,90484.02,1762552742400,21675.82239
26,91333.95,1762639142400,16833.50932
27,90890.7,1762725542400,18830.86012
28,90802.44,1762811942400,7429.88291
29,90360.0,1762898342400,9687.74175
0,86286.01,1762984742400,34509.01227
1,91277.88,1763071142400,28210.22732
2,93429.95,1763157542400,25712.52585
3,92078.06,1763243942400,19803.94059
4,89330.04,1763330342400,19792.97218
5,89236.79,1763416742400,8409.50016
6,90395.31,1763503142400,13021.11185
7,90634.34,1763589542400,15793.63887
8,92678.8,1763675942400,21240.43014
9,92015.37,1763762342400,18998.68083
10,92513.38,1763848742400,19972.58758
11,90268.42,1763935142400,16679.19169
12,90240.01,1764021542400,5895.70788
13,88172.17,1764107942400,9416.94004
14,86432.08,1764194342400,19778.6919
15,87863.42,1764280742400,18456.05017
16,86243.22,1764367142400,19834.11729
17,85516.41,1764453542400,25405.41763
18,88136.94,1764539942400,21256.65004
19,88360.9,1764626342400,5123.13194
20,88658.86,1764712742400,7132.87258
21,88620.79,1764799142400,14673.2197
22,87486.0,1764885542400,13910.32904
23,87669.45,1764971942400,9140.8432
24,87225.27,1765058342400,7096.58235
25,87369.56,1765144742400,18344.61505
26,87877.01,1765231142400,4469.55156
27,87952.71,1765317542400,4446.29285
28,87237.13,1765403942400,19894.98575
29,88485.49,1765490342400,13105.91001
30,87648.22,1765576742400,11558.62047
