,close,time,volume
0,3455.21,0,532169.2392
1,3443.77,86400,499893.29
2,3521.91,172800,381581.7683
3,3519.5,259200,449984.1586
4,3406.99,345600,397782.7437
5,3168.51,432000,736273.1047
6,3227.19,518400,458179.3272
7,3192.39,604800,502422.5048
8,3258.57,691200,212444.2566
9,3203.04,777600,232303.2326
10,2979.74,864000,693394.2912
11,3027.66,950400,579522.9505
12,3118.28,1036800,419101.494
13,3021.98,1123200,408382.5572
14,3040.56,1209600,249626.2981
15,3059.3,1296000,176352.4165
16,2988.06,1382400,243772.074
17,3055.56,1468800,510251.6536
18,3101.77,1555200,359375.0038
19,3076.04,1641600,415000.0685
20,2983.58,1728000,562699.697
21,2962.39,1814400,452433.082
22,2933.03,1900800,187576.7324
23,2921.0,1987200,218957.0222
24,3006.62,2073600,619198.3616
25,2809.67,2160000,531184.3504
26,2888.96,2246400,488951.2416
27,2936.93,2332800,537392.9978
28,2817.13,2419200,525978.147
29,2726.66,2505600,367757.2469
0,2824.81,2592000,442544.8792
1,2856.54,2678400,521706.8567
2,2781.7,2764800,371331.1796
3,2940.64,2851200,548738.0668
4,2747.97,2937600,734845.3194
5,2692.85,3024000,711449.3234
6,2635.34,3110400,371271.4532
7,2519.71,3196800,757615.3415
8,2228.55,3283200,1574924.9793
9,2342.05,3369600,1550626.1387
10,2084.99,3456000,2022864.83806
11,1960.22,3542400,2305192.90836
12,2009.69,3628800,1134042.3387
13,2056.48,3715200,563788.3078
14,2145.29,3801600,514398.2587
15,2023.66,3888000,822070.8531
16,2090.72,3974400,568249.0448
17,1915.11,4060800,631577.2341
18,2019.55,4147200,741476.9794
19,1959.08,4233600,576981.5371
20,1975.07,4320000,238869.7632
21,2043.19,4406400,355735.1927
22,1973.32,4492800,636085.0224
23,1979.41,4579200,534096.972
24,1942.63,4665600,524786.3091
25,1792.23,4752000,1168740.57514
26,1727.27,4838400,1296693.28537
27,1792.22,4924800,558271.1818
28,1813.64,5011200,432430.611
29,1998.78,5097600,814922.8359
30,1941.9,5184000,751103.4226
0,1817.95,5270400,1037841.2706
1,1834.08,5356800,788784.4017
2,1775.12,5443200,741282.5346
3,1804.58,5529600,388279.4579
4,1806.23,5616000,371974.5061
5,1859.84,5702400,804250.3567
6,1813.33,5788800,1397598.2288
7,1791.88,5875200,941510.1373
8,1788.81,5961600,535310.9618
9,1662.91,6048000,955035.79239
10,1532.89,6134400,1220325.2542
11,1434.84,6220800,1563225.37018
12,1209.82,6307200,3626351.66536
13,1208.9,6393600,2716493.80131
14,1237.52,6480000,3114823.13621
15,1068.5,6566400,1447386.8304
16,1086.94,6652800,1220677.9491
17,995.13,6739200,2308983.5187
18,1128.53,6825600,2018599.4499
19,1128.24,6912000,1721772.9132
20,1125.85,6998400,1306095.3757
21,1050.19,7084800,1306959.8593
22,1144.72,7171200,1278257.0899
23,1225.02,7257600,1337137.483
24,1242.36,7344000,861986.6177
25,1197.79,7430400,884184.273
26,1192.51,7516800,868734.2061
27,1144.05,7603200,1104065.2211
28,1100.21,7689600,1295517.796
29,1071.01,7776000,1420670.3656
0,1059.73,7862400,1562255.1439
1,1067.01,7948800,714812.0804
2,1074.26,8035200,644746.3337
3,1151.0,8121600,1150108.9861
4,1132.5,8208000,1398961.4495
5,1186.57,8294400,1211768.0757
6,1237.49,8380800,1001316.079
7,1214.04,8467200,1189518.3631
8,1217.02,8553600,576337.1809
9,1168.36,8640000,1018038.6506
10,1096.4,8726400,1201652.3048
11,1038.58,8812800,1261349.6321
12,1115.0,8899200,2035605.8299
13,1193.42,8985600,1605101.9262
14,1231.25,9072000,1466037.2584
15,1355.85,9158400,1493809.9226
16,1338.65,9244800,1246202.8795
17,1581.04,9331200,2029918.76521
18,1542.32,9417600,1846048.6816
19,1521.58,9504000,1351177.4247
20,1575.45,9590400,1247327.4963
21,1535.27,9676800,1170723.0873
22,1548.67,9763200,851284.7339
23,1597.7,9849600,1009935.8997
24,1440.79,9936000,1418390.9809
25,1449.12,10022400,1199643.7408
26,1635.74,10108800,1513426.0413
27,1724.52,10195200,1578145.07555
28,1721.68,10281600,1205266.5703
29,1697.0,10368000,735132.5286
30,1678.12,10454400,696326.8079
0,1630.28,10540800,801566.5648
1,1630.91,10627200,1081964.5104
2,1618.16,10713600,777724.7413
3,1607.96,10800000,735552.181
4,1736.81,10886400,1005846.4712
5,1690.6,10972800,523314.6444
6,1700.19,11059200,439904.764
7,1777.05,11145600,781620.5443
8,1702.76,11232000,818171.1019
9,1853.57,11318400,1317767.5127
10,1880.19,11404800,1105261.9009
11,1958.28,11491200,717628.1015
12,1983.55,11577600,695876.0293
13,1935.31,11664000,569583.4852
14,1899.06,11750400,949162.3305
15,1876.67,11836800,622729.1499
16,1834.25,11923200,951824.8975
17,1846.39,12009600,606254.024
18,1609.01,12096000,1419826.9515
19,1576.04,12182400,914615.9226
20,1618.13,12268800,780662.6062
21,1624.66,12355200,941192.8954
22,1665.41,12441600,940246.932
23,1656.56,12528000,744667.6078
24,1695.11,12614400,603090.713
25,1508.18,12700800,1149912.8292
26,1491.06,12787200,756136.6768
27,1426.76,12873600,544846.4486
28,1551.8,12960000,826252.0831
29,1524.59,13046400,1003075.0172
30,1554.1,13132800,949227.6775
0,1586.16,13219200,728710.482
1,1575.35,13305600,919009.6598
2,1557.46,13392000,321397.2189
3,1579.28,13478400,296591.1166
4,1617.8,13564800,503492.937
5,1559.01,13651200,1010722.8578
6,1630.0,13737600,850991.4243
7,1635.37,13824000,645124.0085
8,1718.23,13910400,837458.2126
9,1774.12,13996800,411046.2466
10,1766.11,14083200,409287.7263
11,1716.37,14169600,630774.6032
12,1574.4,14256000,1134549.7256
13,1638.39,14342400,764562.5393
14,1472.75,14428800,1335499.8047
15,1433.9,14515200,693597.2425
16,1468.83,14601600,421391.3743
17,1334.51,14688000,804113.468
18,1375.98,14774400,974855.198
19,1322.93,14860800,658027.1465
20,1245.78,14947200,1192266.7379
21,1326.46,15033600,904282.2725
22,1327.25,15120000,974052.3644
23,1317.13,15206400,517557.3497
24,1294.63,15292800,515533.8409
25,1336.17,15379200,799166.4333
26,1328.02,15465600,860584.8944
27,1337.2,15552000,919314.9131
28,1335.7,15638400,770591.6895
29,1328.72,15724800,740753.611
0,1311.79,15811200,252081.9056
1,1276.72,15897600,371740.0407
2,1323.09,15984000,483775.2435
3,1361.49,16070400,476207.6702
4,1352.2,16156800,483508.7782
5,1352.06,16243200,573975.324
6,1331.1,16329600,491999.8776
7,1315.48,16416000,203391.6612
8,1323.13,16502400,186201.9185
9,1290.03,16588800,393663.0114
10,1280.11,16675200,429430.3941
11,1294.44,16761600,369712.5759
12,1287.08,16848000,945618.3163
13,1296.27,16934400,669742.8093
14,1274.92,17020800,287100.9529
15,1305.95,17107200,293321.3632
16,1331.4,17193600,459848.4941
17,1310.71,17280000,572728.9189
18,1285.09,17366400,368637.5105
19,1282.57,17452800,428531.6103
20,1299.75,17539200,468076.7986
21,1313.61,17625600,221776.7007
22,1364.2,17712000,432269.46
23,1343.61,17798400,611830.797
24,1459.74,17884800,1127932.9012
25,1566.1,17971200,1236044.7023
26,1514.05,18057600,869454.4851
27,1554.41,18144000,858954.4425
28,1619.55,18230400,914161.0846
29,1590.44,18316800,476036.4243
30,1572.69,18403200,810334.2414
0,1578.48,18489600,527539.2965
1,1518.34,18576000,981395.3648
2,1531.01,18662400,560202.8813
3,1644.78,18748800,935531.4781
4,1626.98,18835200,351385.5362
5,1568.29,18921600,414863.9525
6,1568.1,19008000,642409.4494
7,1334.77,19094400,2339916.5089
8,1102.73,19180800,2494797.9357
9,1299.28,19267200,1975955.6767
10,1289.28,19353600,1308087.1498
11,1257.25,19440000,547772.9172
12,1221.49,19526400,547410.5304
13,1243.28,19612800,934742.0059
14,1253.23,19699200,632825.568
15,1216.17,19785600,673339.7215
16,1200.43,19872000,530537.3488
17,1212.58,19958400,360218.5337
18,1217.67,20044800,209789.5888
19,1142.21,20131200,531108.7607
20,1107.34,20217600,922647.9454
21,1139.6,20304000,748884.5791
22,1184.52,20390400,636927.1594
23,1203.73,20476800,486080.6123
24,1199.3,20563200,391430.1658
25,1205.6,20649600,379840.8116
26,1193.88,20736000,286386.7986
27,1167.77,20822400,478795.6093
28,1216.49,20908800,512143.5861
29,1294.46,20995200,815679.2717
0,1276.41,21081600,430018.7391
1,1295.59,21168000,371559.585
2,1240.51,21254400,347148.2588
3,1279.41,21340800,324129.5466
4,1259.41,21427200,391628.5166
5,1271.32,21513600,301631.839
6,1231.18,21600000,398559.5166
7,1280.18,21686400,406653.5447
8,1263.1,21772800,406008.0032
9,1266.35,21859200,182278.6396
10,1263.01,21945600,180494.902
11,1275.4,22032000,363750.5481
12,1320.69,22118400,659393.8825
13,1307.44,22204800,554465.5717
14,1266.54,22291200,390051.2447
15,1166.83,22377600,751422.2779
16,1187.16,22464000,328881.6281
17,1183.06,22550400,252260.144
18,1167.82,22636800,296832.7228
19,1216.94,22723200,465184.1943
20,1213.78,22809600,245723.8377
21,1217.71,22896000,336761.6598
22,1219.99,22982400,278604.2882
23,1220.41,23068800,123701.5301
24,1218.51,23155200,231652.0612
25,1228.11,23241600,162723.0857
26,1211.55,23328000,262437.6398
27,1190.15,23414400,367828.8914
28,1200.49,23500800,249130.4869
29,1199.99,23587200,266014.2115
30,1196.13,23673600,139379.2811
0,1200.34,23760000,117762.0685
1,1214.0,23846400,252794.14
2,1214.55,23932800,205519.4944
3,1256.9,24019200,457799.6648
4,1251.24,24105600,272805.33
5,1269.14,24192000,342344.2023
6,1264.07,24278400,129474.2884
7,1290.16,24364800,213636.7848
8,1320.39,24451200,581727.6968
9,1335.62,24537600,459660.2307
10,1389.39,24624000,472465.9556
11,1415.92,24710400,877712.4492
12,1451.2,24796800,499377.8649
13,1549.9,24883200,940691.7774
14,1552.52,24969600,387832.7138
15,1576.94,25056000,574622.8953
16,1565.57,25142400,506771.7219
17,1511.43,25228800,752534.8857
18,1551.09,25315200,308679.4645
19,1658.52,25401600,440570.9974
20,1626.66,25488000,494248.6009
21,1627.44,25574400,431729.6909
22,1626.29,25660800,407267.1156
23,1555.97,25747200,462275.3243
24,1611.94,25833600,646474.9166
25,1601.09,25920000,532777.8466
26,1597.62,26006400,512093.3875
27,1572.1,26092800,313675.6574
28,1644.72,26179200,551767.9134
29,1566.2,26265600,595055.3281
30,1585.33,26352000,348856.6751
0,1641.68,26438400,474617.1709
1,1643.12,26524800,629188.8874
2,1663.52,26611200,464815.032
3,1666.38,26697600,308227.1295
4,1629.02,26784000,413579.6748
5,1614.29,26870400,384119.4197
6,1671.03,26956800,451922.4
7,1650.43,27043200,417966.2539
8,1545.35,27129600,658011.6964
9,1513.06,27216000,484654.2199
10,1538.51,27302400,289691.5708
11,1514.83,27388800,286758.374
12,1505.24,27475200,643152.3904
13,1555.71,27561600,668964.3768
14,1674.92,27648000,581207.8586
15,1637.84,27734400,832723.6731
16,1693.87,27820800,579934.663
17,1691.62,27907200,267305.7813
18,1679.75,27993600,401023.0477
19,1703.27,28080000,451314.8335
20,1659.76,28166400,520354.4688
21,1643.14,28252800,528875.4809
22,1650.53,28339200,501305.9717
23,1607.8,28425600,512515.4982
24,1594.58,28512000,290188.0391
25,1641.36,28598400,308607.9941
26,1633.45,28684800,431861.4129
27,1605.23,28771200,393523.1647
0,1665.22,28857600,474456.8235
1,1647.86,28944000,423023.8082
2,1569.45,29030400,742816.5976
3,1566.73,29116800,237640.2606
4,1564.58,29203200,299240.7415
5,1565.84,29289600,307709.3011
6,1561.96,29376000,437947.9032
7,1532.38,29462400,460101.7658
8,1437.32,29548800,718485.1364
9,1426.44,29635200,960262.4509
10,1471.97,29721600,1374859.6201
11,1580.33,29808000,1002355.0929
12,1673.45,29894400,1228063.6053
13,1699.4,29980800,1283321.2355
14,1649.96,30067200,963142.4833
15,1673.73,30153600,627985.6119
16,1789.27,30240000,907528.2825
17,1758.84,30326400,711614.731
18,1780.68,30412800,541131.8908
19,1732.78,30499200,682848.1248
20,1801.23,30585600,742348.4999
21,1734.33,30672000,891287.6009
22,1813.79,30758400,732061.103
23,1749.57,30844800,564770.1417
24,1741.88,30931200,355679.3743
25,1773.88,31017600,354933.2372
26,1715.22,31104000,570563.5023
27,1772.99,31190400,536511.3973
28,1793.07,31276800,536865.5972
29,1793.61,31363200,579690.0394
30,1821.52,31449600,554525.4762
0,1820.79,31536000,272904.9674
1,1794.51,31622400,322122.9385
2,1810.51,31708800,628503.6619
3,1870.37,31795200,622208.6411
4,1908.69,31881600,548595.5155
5,1872.41,31968000,396241.4352
6,1863.72,32054400,284256.4873
7,1848.82,32140800,197905.5407
8,1858.92,32227200,287131.3079
9,1910.2,32313600,434739.7984
10,1889.86,32400000,405203.4892
11,1917.39,32486400,630844.4186
12,2012.01,32572800,676164.5188
13,2099.99,32659200,896307.3934
14,2090.6,32745600,321823.7851
15,2118.67,32832000,319880.4393
16,2074.0,32918400,426972.7071
17,2103.5,33004800,414244.6135
18,1933.73,33091200,775389.0602
19,1942.98,33177600,625336.2495
20,1848.78,33264000,688876.6186
21,1874.16,33350400,331007.5879
22,1862.0,33436800,344514.3444
23,1841.84,33523200,447864.0517
24,1866.1,33609600,457870.6047
25,1866.01,33696000,897709.7298
26,1908.68,33782400,727472.9466
27,1890.94,33868800,387630.7791
28,1907.8,33955200,182046.1406
29,1870.09,34041600,355336.4888
0,1830.73,34128000,445519.1779
1,1870.08,34214400,373753.2027
2,1905.12,34300800,465185.2501
3,1877.07,34387200,354528.6144
4,1993.3,34473600,546608.875
5,1896.33,34560000,608106.9915
6,1870.4,34646400,413268.8357
7,1847.56,34732800,625316.6168
8,1846.52,34819200,304396.186
9,1840.84,34905600,639933.3855
10,1794.3,34992000,522096.0725
11,1807.45,35078400,565539.8309
12,1795.11,35164800,212895.4373
13,1799.21,35251200,218101.0977
14,1816.2,35337600,388171.9261
15,1824.21,35424000,311238.6786
16,1822.12,35510400,352097.9913
17,1800.56,35596800,293755.311
18,1812.32,35683200,243116.4676
19,1819.42,35769600,127754.4349
20,1804.91,35856000,161517.8053
21,1817.35,35942400,237498.9423
22,1854.05,36028800,396869.6097
23,1799.89,36115200,420846.1445
24,1805.6,36201600,350633.0089
25,1827.79,36288000,275690.6854
26,1829.89,36374400,138824.9406
27,1908.64,36460800,378392.4371
28,1892.6,36547200,313593.4942
29,1900.59,36633600,272665.8402
30,1873.63,36720000,319255.5681
0,1861.78,36806400,270496.6097
1,1906.68,36892800,313004.0658
2,1892.06,36979200,148818.2427
3,1890.01,37065600,172683.0119
4,1810.5,37152000,555361.2683
5,1884.64,37238400,491407.2174
6,1832.13,37324800,429196.7064
7,1845.64,37411200,189270.4853
8,1840.37,37497600,198324.3252
9,1751.53,37584000,652324.6695
10,1752.76,37670400,219956.2434
11,1742.57,37756800,302132.4819
12,1740.12,37843200,284268.0018
13,1650.95,37929600,415847.327
14,1666.96,38016000,370774.7696
15,1717.92,38102400,311734.5904
16,1727.76,38188800,210914.9216
17,1720.95,38275200,156535.0128
18,1737.11,38361600,245162.7589
19,1791.99,38448000,328855.6846
20,1889.11,38534400,613755.8869
21,1872.01,38620800,416714.5719
22,1892.63,38707200,401147.9324
23,1874.96,38793600,226910.2941
24,1898.8,38880000,338757.6158
25,1858.97,38966400,458743.861
26,1889.58,39052800,366634.5707
27,1828.02,39139200,337836.5792
28,1851.99,39225600,241844.8281
29,1933.79,39312000,716538.1035
0,1924.5,39398400,178373.3688
1,1937.48,39484800,255852.7832
2,1955.54,39571200,322102.4295
3,1936.2,39657600,205525.0984
4,1910.36,39744000,267633.4783
5,1846.17,39830400,456362.741
6,1870.91,39916800,232944.3466
7,1865.24,40003200,125819.8273
8,1862.8,40089600,135046.3743
9,1880.4,40176000,247868.1494
10,1878.3,40262400,177771.6117
11,1871.82,40348800,264406.8673
12,2004.49,40435200,548861.4207
13,1937.83,40521600,498724.0359
14,1931.41,40608000,135181.7663
15,1922.11,40694400,148667.1051
16,1911.2,40780800,277159.0349
17,1897.21,40867200,215780.5006
18,1888.63,40953600,218045.0005
19,1891.59,41040000,292907.5164
20,1891.73,41126400,165554.0428
21,1866.52,41212800,131901.6487
22,1888.73,41299200,153501.0178
23,1850.0,41385600,276504.5547
24,1857.66,41472000,152251.21
25,1872.0,41558400,272090.5333
26,1861.28,41644800,163766.4259
27,1874.19,41731200,138695.7147
28,1880.46,41817600,72867.0269
29,1861.79,41904000,158657.5902
30,1856.14,41990400,168204.4534
0,1873.47,42076800,358476.0966
1,1839.9,42163200,254213.0553
2,1835.81,42249600,171148.052
3,1830.23,42336000,187699.4552
4,1836.48,42422400,93657.3255
5,1830.28,42508800,90403.9915
6,1829.1,42595200,224092.9059
7,1856.3,42681600,236336.03
8,1855.35,42768000,191926.8343
9,1852.47,42854400,127321.4553
10,1848.84,42940800,113209.3103
11,1849.93,43027200,63292.6476
12,1840.73,43113600,120674.1364
13,1845.5,43200000,150196.1203
14,1828.98,43286400,186081.6989
15,1807.81,43372800,205430.7368
16,1681.49,43459200,812138.2159
17,1661.59,43545600,538083.1018
18,1669.67,43632000,231919.0485
19,1685.24,43718400,195623.5263
20,1667.55,43804800,250835.1518
21,1634.99,43891200,402012.045
22,1679.61,43977600,374761.1088
23,1661.16,44064000,231539.7805
24,1653.8,44150400,236261.6898
25,1647.04,44236800,79175.425
26,1658.33,44323200,87789.9196
27,1653.08,44409600,214351.0143
28,1729.42,44496000,494371.0823
29,1705.23,44582400,202841.4402
30,1645.76,44668800,330518.2668
0,1629.12,44755200,302406.1686
1,1637.03,44841600,102145.9476
2,1635.84,44928000,116767.2862
3,1630.51,45014400,168010.9056
4,1634.45,45100800,204365.4907
5,1633.15,45187200,219541.0193
6,1648.11,45273600,228558.2782
7,1636.44,45360000,221570.0458
8,1635.54,45446400,58519.6229
9,1617.42,45532800,207957.8428
10,1551.85,45619200,417424.8189
11,1592.97,45705600,329739.9685
12,1607.62,45792000,223409.2889
13,1626.47,45878400,275301.1505
14,1641.29,45964800,181340.024
15,1634.4,46051200,99555.4671
16,1622.48,46137600,120227.4117
17,1636.66,46224000,279041.6978
18,1643.12,46310400,184282.4258
19,1622.26,46396800,232844.2347
20,1583.94,46483200,240627.544
21,1593.08,46569600,124886.091
22,1593.86,46656000,64537.1341
23,1580.71,46742400,137517.8533
24,1588.33,46828800,176706.9277
25,1594.01,46915200,125583.0161
26,1598.64,47001600,274404.4328
27,1652.99,47088000,331409.7015
28,1667.45,47174400,251975.6728
29,1670.89,47260800,136924.9141
0,1733.79,47347200,225611.5868
1,1662.4,47433600,378575.6898
2,1656.88,47520000,198287.1164
3,1646.58,47606400,222861.7167
4,1611.79,47692800,237378.7449
5,1645.03,47779200,220507.9286
6,1633.57,47865600,101241.5732
7,1632.84,47952000,149424.6635
8,1580.13,48038400,340141.0988
9,1567.63,48124800,240659.3287
10,1566.87,48211200,260253.9671
11,1539.61,48297600,237221.4977
12,1552.16,48384000,192205.8736
13,1554.94,48470400,100314.6754
14,1557.77,48556800,120311.2738
15,1599.42,48643200,418510.8644
16,1565.01,48729600,234817.0699
17,1563.44,48816000,177750.2253
18,1566.57,48902400,216217.6675
19,1603.89,48988800,315995.792
20,1628.94,49075200,176419.4092
21,1663.7,49161600,228650.9225
22,1765.46,49248000,610931.9663
23,1784.98,49334400,674055.1375
24,1787.15,49420800,354410.8294
25,1803.38,49507200,431169.0453
26,1779.4,49593600,274532.6921
27,1776.2,49680000,122919.7382
28,1795.14,49766400,144110.6508
29,1809.04,49852800,277686.192
30,1814.67,49939200,258074.5796
0,1846.99,50025600,471921.6184
1,1800.8,50112000,368738.2193
2,1832.71,50198400,315000.2678
3,1855.54,50284800,171538.0364
4,1891.71,50371200,383106.7628
5,1900.95,50457600,328746.2394
6,1885.27,50544000,332419.4406
7,1888.12,50630400,247881.0997
8,2121.32,50716800,1100330.3237
9,2077.72,50803200,555573.6495
10,2053.17,50889600,370966.0372
11,2044.68,50976000,281907.559
12,2053.65,51062400,529143.5815
13,1979.39,51148800,481909.733
14,2058.48,51235200,421870.8032
15,1961.77,51321600,545286.1297
16,1960.82,51408000,401100.5069
17,1962.6,51494400,279368.2208
18,2011.47,51580800,251132.6192
19,2021.4,51667200,421717.679
20,1933.01,51753600,490163.9863
21,2063.21,51840000,466120.5109
22,2062.2,51926400,250960.6958
23,2080.84,52012800,426932.5402
24,2083.09,52099200,138847.393
25,2062.33,52185600,241262.9136
26,2027.5,52272000,326073.2298
27,2048.14,52358400,283775.9279
28,2028.81,52444800,254843.7319
29,2051.96,52531200,243680.0921
0,2087.24,52617600,372645.586
1,2164.74,52704000,320979.9768
2,2192.95,52790400,257879.1136
3,2243.37,52876800,565307.7134
4,2293.33,52963200,529829.7214
5,2232.7,53049600,408338.9056
6,2355.73,53136000,485190.0609
7,2358.72,53222400,378569.8126
8,2340.49,53308800,287771.0664
9,2352.39,53395200,200037.2102
10,2225.12,53481600,640414.9166
11,2203.46,53568000,361588.9087
12,2260.16,53654400,418916.6154
13,2315.32,53740800,409508.0931
14,2220.5,53827200,333552.6328
15,2228.96,53913600,199285.923
16,2196.52,54000000,225925.7675
17,2219.43,54086400,364103.1181
18,2177.91,54172800,383551.4049
19,2202.17,54259200,416841.6272
20,2239.61,54345600,453069.7252
21,2324.54,54432000,591357.488
22,2308.2,54518400,255626.9352
23,2264.05,54604800,307951.076
24,2271.35,54691200,286277.1616
25,2230.88,54777600,410413.1591
26,2378.35,54864000,541537.3574
27,2344.15,54950400,580459.982
28,2299.2,55036800,450201.2069
29,2291.68,55123200,210539.1327
30,2281.87,55209600,222175.8779
0,2352.04,55296000,216702.6914
1,2355.34,55382400,458041.6642
2,2209.72,55468800,798729.4869
3,2267.11,55555200,448844.055
4,2268.78,55641600,405568.0006
5,2240.78,55728000,194067.8656
6,2221.42,55814400,207138.6927
7,2330.44,55900800,539407.5547
8,2344.29,55987200,551454.9931
9,2584.38,56073600,1038388.666
10,2618.01,56160000,838712.2577
11,2522.54,56246400,887457.7627
12,2578.19,56332800,422061.232
13,2472.87,56419200,306207.7463
14,2511.78,56505600,315247.8819
15,2587.4,56592000,381077.6247
16,2530.19,56678400,366281.3477
17,2470.81,56764800,452090.1074
18,2492.0,56851200,424209.0029
19,2472.01,56937600,136620.9577
20,2457.05,57024000,122572.1687
21,2314.2,57110400,526337.6492
22,2242.6,57196800,700105.3314
23,2235.02,57283200,359851.1496
24,2218.64,57369600,330426.6061
25,2267.68,57456000,363566.4255
26,2267.94,57542400,145109.3836
27,2256.9,57628800,209326.9087
28,2317.6,57715200,305528.0776
29,2343.01,57801600,372879.5791
30,2283.14,57888000,397116.1859
0,2304.28,57974400,310997.4538
1,2309.06,58060800,238230.511
2,2296.49,58147200,133232.845
3,2289.79,58233600,171232.0444
4,2301.83,58320000,236610.412
5,2372.64,58406400,368942.7498
6,2425.1,58492800,342791.7013
7,2419.55,58579200,338040.0539
8,2486.56,58665600,492384.385
9,2500.24,58752000,185099.59
10,2507.21,58838400,219975.1471
11,2659.99,58924800,449501.776
12,2639.99,59011200,502447.745
13,2774.81,59097600,461670.6944
14,2822.59,59184000,481689.1874
15,2801.8,59270400,378070.8037
16,2785.93,59356800,243302.8759
17,2881.2,59443200,367987.8833
18,2944.8,59529600,446451.0401
19,3014.81,59616000,634681.7471
20,2967.9,59702400,595955.0033
21,2971.4,59788800,563525.9936
22,2922.24,59875200,428826.5787
23,2992.62,59961600,243854.0783
24,3112.59,60048000,412306.2237
25,3175.94,60134400,546722.7747
26,3242.36,60220800,625939.1221
27,3383.1,60307200,947538.766
28,3340.09,60393600,759698.1123
0,3433.43,60480000,412788.5773
1,3421.4,60566400,283984.9448
2,3487.81,60652800,341631.531
3,3627.76,60739200,715360.6361
4,3553.65,60825600,1392904.864
5,3818.59,60912000,969494.71
6,3868.76,60998400,540780.675
7,3883.36,61084800,646399.2589
8,3905.21,61171200,254839.1386
9,3878.47,61257600,356664.68
10,4064.8,61344000,721554.5139
11,3979.96,61430400,632787.3941
12,4004.79,61516800,482305.7766
13,3881.7,61603200,648237.5245
14,3742.19,61689600,947537.4071
15,3523.09,61776000,548288.1569
16,3644.71,61862400,517790.9936
17,3520.46,61948800,570901.2851
18,3158.64,62035200,1049629.6936
19,3516.53,62121600,1207322.8201
20,3492.85,62208000,602755.2072
21,3336.35,62294400,558848.888
22,3329.53,62380800,323675.9448
23,3454.98,62467200,260824.1408
24,3590.42,62553600,548577.6942
25,3587.33,62640000,499013.8384
26,3501.19,62726400,443195.3297
27,3560.49,62812800,404654.0311
28,3509.74,62899200,323086.179
29,3505.64,62985600,216025.2634
30,3645.29,63072000,243464.9877
0,3503.8,63158400,408854.1225
1,3278.96,63244800,623264.6476
2,3310.83,63331200,410484.1933
3,3327.4,63417600,356338.5716
4,3317.85,63504000,344556.7983
5,3351.59,63590400,183312.2125
6,3454.2,63676800,210459.0752
7,3694.61,63763200,496841.3532
8,3506.39,63849600,457592.252
9,3545.64,63936000,389404.9055
10,3502.52,64022400,338139.5534
11,3237.43,64108800,697327.1174
12,3007.01,64195200,994971.2354
13,3155.11,64281600,737580.4666
14,3101.99,64368000,605430.8863
15,3084.22,64454400,526113.855
16,2985.41,64540800,491897.5661
17,3064.4,64627200,389060.7133
18,3056.46,64713600,607850.4019
19,3155.79,64800000,242577.6371
20,3147.67,64886400,219970.5072
21,3200.2,64972800,290879.9569
22,3219.46,65059200,253914.2263
23,3140.8,65145600,393314.3414
24,3155.8,65232000,352288.5502
25,3131.3,65318400,252522.655
26,3255.56,65404800,323811.1919
27,3263.45,65491200,304766.009
28,3216.73,65577600,421831.2912
29,3014.05,65664000,561717.4866
0,2972.46,65750400,624963.7773
1,2986.19,65836800,365939.7191
2,3102.61,65923200,355825.8391
3,3117.23,66009600,196263.9488
4,3136.41,66096000,218760.2662
5,3062.6,66182400,355135.3027
6,3005.69,66268800,298796.6829
7,2974.21,66355200,266934.8125
8,3036.23,66441600,238561.7462
9,2909.99,66528000,327855.8758
10,2912.45,66614400,138163.1087
11,2929.29,66700800,107670.6323
12,2950.99,66787200,368664.7648
13,2881.93,66873600,269675.3037
14,3032.55,66960000,350254.3188
15,2944.7,67046400,293874.1513
16,3092.01,67132800,357724.7731
17,3122.94,67219200,199976.5456
18,3071.19,67305600,166145.0102
19,3661.78,67392000,847107.8828
20,3789.6,67478400,952437.2694
21,3737.73,67564800,574938.3099
22,3783.61,67651200,1127866.076
23,3728.28,67737600,479418.4318
24,3749.26,67824000,158711.8992
25,3826.47,67910400,292208.2937
26,3894.22,67996800,363717.6473
27,3844.69,68083200,416249.8344
28,3767.43,68169600,334759.6348
29,3747.91,68256000,277034.2894
30,3762.29,68342400,273406.766
0,3815.82,68428800,132687.2006
1,3780.91,68515200,210295.4407
2,3767.06,68601600,248848.702
3,3810.23,68688000,232063.7468
4,3865.99,68774400,273738.6035
5,3813.46,68860800,237504.1905
6,3678.32,68947200,362223.3594
7,3681.57,69033600,140550.8394
8,3706.4,69120000,103451.102
9,3667.85,69206400,156363.1846
10,3497.33,69292800,439568.5978
11,3560.12,69379200,387043.774
12,3469.4,69465600,300230.8299
13,3481.8,69552000,322316.4214
14,3568.74,69638400,246649.5894
15,3624.41,69724800,149839.982
16,3511.46,69811200,337805.6402
17,3483.42,69897600,449913.3014
18,3560.51,69984000,321500.0027
19,3513.08,70070400,329117.8453
20,3518.5,70156800,342155.102
21,3495.75,70243200,115774.6157
22,3420.91,70329600,133411.4304
23,3352.73,70416000,543370.4229
24,3394.91,70502400,240036.2236
25,3371.44,70588800,206949.3418
26,3450.44,70675200,201041.6609
27,3380.15,70761600,221634.3435
28,3378.8,70848000,88329.7651
29,3438.16,70934400,141221.6185
0,3442.2,71020800,224273.2122
1,3421.35,71107200,137932.7014
2,3295.48,71193600,310408.451
3,3059.7,71280000,450402.5692
4,2981.78,71366400,886994.3753
5,3066.83,71452800,214487.9713
6,2931.0,71539200,179892.7612
7,3019.01,71625600,500445.0105
8,3066.65,71712000,280358.1424
9,3101.05,71798400,270827.0844
10,3099.57,71884800,289229.32
11,3133.88,71971200,185745.1825
12,3175.93,72057600,119302.4769
13,3245.08,72144000,165430.7716
14,3483.39,72230400,314296.8452
15,3444.13,72316800,376128.7869
16,3387.05,72403200,297812.5162
17,3426.5,72489600,241950.3457
18,3503.53,72576000,299511.6422
19,3517.5,72662400,147510.8165
20,3535.92,72748800,218890.9656
21,3439.6,72835200,207859.5043
22,3482.51,72921600,500568.7811
23,3335.81,73008000,275479.0506
24,3175.48,73094400,494282.6398
25,3274.61,73180800,260237.4641
26,3249.01,73267200,231991.9037
27,3270.16,73353600,103529.8329
28,3317.66,73440000,318471.5055
29,3279.21,73526400,197277.1641
30,3232.74,73612800,233711.3352
0,3203.4,73699200,323285.6105
1,2989.61,73785600,385704.0395
2,2903.64,73872000,344595.3157
3,2688.92,73958400,512064.2612
4,2419.59,74044800,2670604.1003
5,2461.33,74131200,642283.8038
6,2342.8,74217600,630115.4228
7,2682.5,74304000,586502.8754
8,2598.78,74390400,406739.9611
9,2609.92,74476800,171012.3619
10,2555.38,74563200,297098.9145
11,2722.3,74649600,483414.2506
12,2702.44,74736000,325668.6964
13,2661.45,74822400,338808.7141
14,2569.89,74908800,356546.8059
15,2592.73,74995200,270684.1373
16,2614.51,75081600,89348.676
17,2612.15,75168000,174074.0585
18,2636.36,75254400,224867.1336
19,2572.82,75340800,281315.8751
20,2630.71,75427200,245286.6218
21,2622.88,75513600,199063.1196
22,2762.48,75600000,401786.4447
23,2768.0,75686400,263542.9441
24,2746.13,75772800,154527.2352
25,2680.49,75859200,211708.1247
26,2457.33,75945600,412660.7197
27,2528.33,76032000,451266.634
28,2527.61,76118400,237002.9632
29,2526.0,76204800,338379.1941
30,2513.01,76291200,97946.1147
0,2425.72,76377600,223127.776
1,2538.01,76464000,262632.8385
2,2425.29,76550400,224793.1299
3,2450.71,76636800,384179.3854
4,2368.81,76723200,278549.0969
5,2225.23,76809600,643027.111
6,2273.58,76896000,219453.2076
7,2297.3,76982400,192775.6493
8,2359.5,77068800,321698.99
9,2388.52,77155200,224382.1729
10,2340.55,77241600,282898.3125
11,2361.76,77328000,202611.1308
12,2439.19,77414400,253888.616
13,2417.79,77500800,122931.2302
14,2316.1,77587200,174364.1946
15,2295.68,77673600,330555.232
16,2341.8,77760000,274206.2588
17,2374.75,77846400,292917.6008
18,2465.21,77932800,326746.032
19,2561.4,78019200,340754.5912
20,2612.4,78105600,154757.8773
21,2581.0,78192000,214266.3257
22,2646.97,78278400,333282.0149
23,2653.2,78364800,288600.0402
24,2579.95,78451200,220343.4293
25,2632.26,78537600,278686.3573
26,2694.43,78624000,281826.9792
27,2675.21,78710400,137230.0342
28,2657.62,78796800,160554.3146
29,2602.23,78883200,282475.7961
0,2447.79,78969600,502828.6804
1,2364.1,79056000,317484.735
2,2349.8,79142400,314635.9263
3,2414.41,79228800,239383.017
4,2414.66,79315200,103740.2316
5,2440.03,79401600,105752.7096
6,2422.71,79488000,300459.5407
7,2440.89,79574400,201358.3312
8,2370.47,79660800,242082.2725
9,2386.49,79747200,257862.9619
10,2439.5,79833600,235441.2197
11,2476.4,79920000,139637.5062
12,2468.91,80006400,120022.8179
13,2629.79,80092800,435900.1619
14,2607.41,80179200,416285.6663
15,2611.1,80265600,260322.4242
16,2605.8,80352000,221624.5434
17,2642.17,80438400,292444.1153
18,2648.2,80524800,105413.7646
19,2746.91,80611200,256910.7448
20,2666.7,80697600,310674.7232
21,2622.81,80784000,265747.713
22,2524.61,80870400,352647.7086
23,2535.82,80956800,290851.7842
24,2440.62,81043200,514799.8822
25,2482.51,81129600,248724.8313
26,2507.8,81216000,137580.8836
27,2567.48,81302400,360605.327
28,2638.8,81388800,451915.7025
29,2659.19,81475200,460627.126
30,2518.61,81561600,403427.2017
0,2511.49,81648000,430249.1073
1,2494.23,81734400,145961.13
2,2457.73,81820800,276009.1197
3,2398.21,81907200,306316.9645
4,2422.55,81993600,331619.2545
5,2721.87,82080000,1002141.3618
6,2895.47,82166400,730845.9524
7,2961.75,82252800,568864.435
8,3126.21,82339200,526719.4212
9,3183.21,82425600,865536.7322
10,3371.59,82512000,1000093.9664
11,3243.8,82598400,973215.7285
12,3187.16,82684800,919686.3747
13,3058.82,82771200,605780.6662
14,3090.01,82857600,519623.6317
15,3132.87,82944000,423639.1573
16,3076.0,83030400,449818.9575
17,3207.8,83116800,640658.4357
18,3107.44,83203200,500112.0194
19,3069.97,83289600,503607.8336
20,3355.81,83376000,974923.3035
21,3327.78,83462400,603273.7093
22,3393.91,83548800,721024.0009
23,3361.2,83635200,479098.0921
24,3414.49,83721600,949330.37
25,3324.73,83808000,672367.1503
26,3653.28,83894400,754573.6485
27,3578.79,83980800,560976.425
28,3592.21,84067200,425493.2449
29,3703.6,84153600,503684.7485
0,3707.61,84240000,429089.2633
1,3643.42,84326400,737130.569
2,3614.51,84412800,678400.2032
3,3837.8,84499200,968744.0399
4,3785.2,84585600,946493.276
5,3998.87,84672000,803855.1146
6,3996.22,84758400,283920.02
7,4004.15,84844800,251362.1685
8,3712.0,84931200,939642.2001
9,3628.25,85017600,942206.0337
10,3831.81,85104000,461818.7801
11,3881.61,85190400,572098.6343
12,3906.8,85276800,387765.6873
13,3870.29,85363200,265538.9479
14,3959.09,85449600,253833.2141
15,3986.24,85536000,673351.0723
16,3893.01,85622400,450825.9861
17,3626.8,85708800,722505.0618
18,3417.01,85795200,1078153.4851
19,3472.21,85881600,1332783.731
20,3338.92,85968000,475275.82
21,3281.83,86054400,361920.2495
22,3422.53,86140800,488253.41
23,3493.18,86227200,315723.6763
24,3497.0,86313600,219846.0452
25,3335.05,86400000,310170.1719
26,3333.51,86486400,342529.6038
27,3404.0,86572800,175963.613
28,3356.48,86659200,156256.8819
29,3361.84,86745600,420794.6476
30,3337.78,86832000,303053.1685
0,3360.38,1734127142400,190238.5861
1,3455.67,1734213542400,338632.8874
2,3609.01,1734299942400,334041.0604
3,3656.88,1734386342400,229266.3133
4,3635.99,1734472742400,155444.1741
5,3687.45,1734559142400,329642.3648
6,3381.31,1734645542400,541543.2874
7,3327.29,1734731942400,584749.9627
8,3219.2,1734818342400,501818.4247
9,3267.04,1734904742400,454142.1333
10,3282.83,1734991142400,151679.7487
11,3267.3,1735077542400,164879.9709
12,3137.51,1735163942400,845907.5669
13,3225.63,1735250342400,374308.4517
14,3451.52,1735336742400,464188.034
15,3308.05,1735423142400,471282.6787
16,3473.63,1735509542400,518550.1813
17,3307.71,1735595942400,634197.1281
18,3215.12,1735682342400,1342301.5217
19,3284.0,1735768742400,1158354.7814
20,3327.54,1735855142400,548706.0513
21,3242.6,1735941542400,349240.7498
22,3338.21,1736027942400,605592.7225
23,3310.09,1736114342400,451524.2752
24,3318.77,1736200742400,208559.0415
25,3232.61,1736287142400,272165.469
26,3182.44,1736373542400,753004.7529
27,3077.72,1736459942400,350959.7173
28,3113.9,1736546342400,409737.2576
29,3247.39,1736632742400,350639.4823
30,3300.99,1736719142400,648681.6561
0,3117.54,1736805542400,354065.2525
1,2869.68,1736891942400,1050805.93
2,2879.9,1736978342400,2807979.021
3,2731.19,1737064742400,1259594.3919
4,2788.25,1737151142400,686593.0429
5,2686.64,1737237542400,719459.9571
6,2622.1,1737323942400,695467.3612
7,2632.46,1737410342400,379685.1509
8,2627.18,1737496742400,387166.7911
9,2661.19,1737583142400,398173.2716
10,2602.59,1737669542400,484196.1435
11,2738.27,1737755942400,646295.8959
12,2675.87,1737842342400,443769.2853
13,2725.95,1737928742400,419895.7862
14,2693.04,1738015142400,202971.4295
15,2661.41,1738101542400,191231.5314
16,2744.05,1738187942400,639739.8197
17,2671.99,1738274342400,604863.8737
18,2715.5,1738360742400,326154.0202
19,2738.04,1738447142400,336735.2544
20,2663.0,1738533542400,890440.0604
21,2763.22,1738619942400,444989.6669
22,2819.69,1738706342400,611002.1222
23,2513.52,1738792742400,876876.3707
24,2495.7,1738879142400,1322016.8718
25,2336.37,1738965542400,863087.2133
26,2307.72,1739051942400,637583.9106
27,2237.59,1739138342400,1291539.0557
0,2217.39,1739224742400,446430.7271
1,2518.11,1739311142400,1266684.7748
2,2149.01,1739397542400,1109565.2003
3,2171.51,1739483942400,1257822.3372
4,2241.59,1739570342400,687130.7897
5,2202.2,1739656742400,596908.3935
6,2141.6,1739743142400,782387.2606
7,2203.58,1739829542400,328793.0979
8,2020.41,1739915942400,601671.5882
9,1865.1,1740002342400,1248745.3514
10,1923.43,1740088742400,1171427.9995
11,1908.2,1740175142400,788739.6763
12,1864.59,1740261542400,569537.2622
13,1911.65,1740347942400,375805.7355
14,1937.17,1740434342400,209545.8675
15,1887.0,1740520742400,324766.6564
16,1926.31,1740607142400,334840.4877
17,1931.54,1740693542400,332896.0155
18,2056.06,1740779942400,691809.5034
19,1983.79,1740866342400,401518.9282
20,1965.75,1740952742400,262641.659
21,1980.69,1741039142400,170782.9574
22,2005.99,1741125542400,268707.5233
23,2081.2,1741211942400,477912.8154
24,2066.15,1741298342400,328765.3292
25,2009.52,1741384742400,428975.3286
26,2003.66,1741471142400,360634.8383
27,1896.9,1741557542400,626167.5832
28,1828.08,1741643942400,409769.7555
29,1807.74,1741730342400,327843.4476
30,1822.43,1741816742400,497854.9052
0,1904.98,1741903142400,452989.0974
1,1795.22,1741989542400,750840.7823
2,1817.23,1742075942400,508075.018
3,1816.87,1742162342400,572734.4702
4,1806.01,1742248742400,201716.2696
5,1580.76,1742335142400,979847.0958
6,1553.04,1742421542400,2168796.0067
7,1473.41,1742507942400,891846.1327
8,1669.51,1742594342400,1968530.9138
9,1522.25,1742680742400,911855.3934
10,1566.85,1742767142400,578484.3183
11,1644.18,1742853542400,501867.9033
12,1597.76,1742939942400,580136.6145
13,1623.77,1743026342400,645930.1419
14,1588.78,1743112742400,476178.8915
15,1577.14,1743199142400,611387.8686
16,1583.62,1743285542400,449870.3628
17,1588.6,1743371942400,200409.0359
18,1613.27,1743458342400,223096.3899
19,1587.36,1743544742400,276052.2306
20,1579.57,1743631142400,691486.6667
21,1756.26,1743717542400,1103036.9586
22,1795.07,1743803942400,887545.6316
23,1769.65,1743890342400,483465.0385
24,1784.6,1743976742400,595610.8894
25,1820.88,1744063142400,355068.0442
26,1791.29,1744149542400,340332.6435
27,1799.88,1744235942400,587269.743
28,1797.81,1744322342400,480456.3884
29,1793.61,1744408742400,473523.9877
0,1838.11,1744495142400,537198.7291
1,1842.2,1744581542400,410667.875
2,1833.52,1744667942400,213751.5979
3,1808.86,1744754342400,238254.3564
4,1820.19,1744840742400,342341.0078
5,1817.0,1744927142400,384584.2451
6,1811.11,1745013542400,456170.0705
7,2207.39,1745099942400,1473152.686
8,2345.04,1745186342400,1667041.0382
9,2583.23,1745272742400,979350.1606
10,2514.57,1745359142400,831584.3888
11,2495.47,1745445542400,1068680.9433
12,2679.71,1745531942400,1031355.6465
13,2609.74,1745618342400,830047.1122
14,2548.69,1745704742400,768954.0332
15,2537.12,1745791142400,605953.6919
16,2475.08,1745877542400,494333.2782
17,2497.78,1745963942400,810103.1851
18,2528.14,1746050342400,861747.523
19,2524.19,1746136742400,676989.1747
20,2550.99,1746223142400,1095890.2902
21,2664.82,1746309542400,852555.6669
22,2526.5,1746395942400,971442.4532
23,2530.4,1746482342400,257544.2344
24,2551.22,1746568742400,359890.0299
25,2563.7,1746655142400,362971.1182
26,2660.81,1746741542400,798430.8862
27,2681.6,1746827942400,560095.6833
28,2631.39,1746914342400,811567.2545
29,2531.34,1747000742400,763045.2564
30,2528.06,1747087142400,394537.2521
0,2539.21,1747173542400,332021.7088
1,2607.41,1747259942400,468889.9737
2,2593.36,1747346342400,454383.0439
3,2607.68,1747432742400,502494.8214
4,2414.01,1747519142400,808938.0344
5,2476.1,1747605542400,578843.4974
6,2524.63,1747691942400,264787.6743
7,2509.83,1747778342400,266474.7139
8,2680.13,1747864742400,568726.3025
9,2816.4,1747951142400,1138405.4775
10,2771.61,1748037542400,850210.9324
11,2642.65,1748123942400,699593.3757
12,2579.19,1748210342400,1202176.2972
13,2530.76,1748296742400,331438.9278
14,2547.61,1748383142400,299701.6624
15,2544.17,1748469542400,680429.988
16,2509.95,1748555942400,715930.4081
17,2525.0,1748642342400,504532.1818
18,2521.12,1748728742400,252646.059
19,2406.49,1748815142400,632027.8235
20,2295.73,1748901542400,496783.864
21,2227.7,1748987942400,840155.8295
22,2411.66,1749074342400,744583.8003
23,2448.45,1749160742400,516760.6621
24,2418.49,1749247142400,414894.7387
25,2415.96,1749333542400,463704.0261
26,2423.17,1749419942400,381474.766
27,2435.62,1749506342400,155814.9859
28,2500.09,1749592742400,284291.8057
29,2485.47,1749679142400,440455.714
0,2405.01,1749765542400,351951.0868
1,2570.41,1749851942400,634967.0337
2,2591.25,1749938342400,504943.6592
3,2508.04,1750024742400,452593.02
4,2516.41,1750111142400,157198.0958
5,2570.35,1750197542400,277593.6319
6,2542.29,1750283942400,315707.5272
7,2615.25,1750370342400,370915.7321
8,2768.74,1750456742400,686119.3772
9,2951.29,1750543142400,951896.07
10,2958.22,1750629542400,906839.1689
11,2943.28,1750715942400,348884.8877
12,2972.03,1750802342400,357333.5016
13,3013.62,1750888742400,815552.6496
14,3137.89,1750975142400,863583.7377
15,3371.35,1751061542400,1135950.5831
16,3476.87,1751147942400,974065.8264
17,3546.92,1751234342400,1163823.3977
18,3592.01,1751320742400,381791.9213
19,3756.69,1751407142400,852356.5533
20,3762.33,1751493542400,812074.0534
21,3746.21,1751579942400,870127.3864
22,3628.29,1751666342400,800259.4025
23,3706.94,1751752742400,749459.495
24,3724.96,1751839142400,764606.7261
25,3741.1,1751925542400,407259.7024
26,3872.1,1752011942400,457352.4605
27,3799.0,1752098342400,620994.7463
28,3793.79,1752184742400,584210.4393
29,3810.0,1752271142400,525424.9003
30,3698.39,1752357542400,516088.4503
0,3488.2,1752443942400,783869.1517
1,3393.94,1752530342400,494195.7094
2,3496.74,1752616742400,296347.6758
3,3720.99,1752703142400,463349.9861
4,3612.0,1752789542400,489070.9589
5,3683.31,1752875942400,365309.9205
6,3910.31,1752962342400,631678.9872
7,4009.5,1753048742400,723300.0109
8,4260.62,1753135142400,691932.1048
9,4250.57,1753221542400,494843.8105
10,4223.22,1753307942400,722664.04
11,4590.52,1753394342400,885288.0652
12,4749.3,1753480742400,925931.4988
13,4546.84,1753567142400,1265449.0453
14,4439.47,1753653542400,880409.2591
15,4421.99,1753739942400,358676.5884
16,4472.33,1753826342400,442461.3829
17,4312.99,1753912742400,823188.1269
18,4075.59,1753999142400,831222.7951
19,4336.16,1754085542400,728324.8933
20,4225.3,1754171942400,433836.3992
21,4832.07,1754258342400,1277976.63526
22,4778.4,1754344742400,512442.0888
23,4780.15,1754431142400,780668.77842
24,4376.18,1754517542400,1043917.1659
25,4600.63,1754603942400,834750.2767
26,4506.71,1754690342400,606669.3611
27,4511.21,1754776742400,485243.4027
28,4360.18,1754863142400,679063.8777
29,4373.7,1754949542400,340319.1826
30,4391.83,1755035942400,356586.1861
0,4314.5,1755122342400,513830.0395
1,4326.5,1755208742400,524605.0512
2,4450.46,1755295142400,487091.6861
3,4297.55,1755381542400,471795.7096
4,4307.45,1755467942400,624169.8754
5,4273.14,1755554342400,191166.0686
6,4306.19,1755640742400,169620.8372
7,4306.37,1755727142400,372882.4355
8,4310.09,1755813542400,405485.7821
9,4349.32,1755899942400,506633.9098
10,4458.82,1755986342400,441259.6649
11,4712.16,1756072742400,510777.5402
12,4666.53,1756159142400,394393.6869
13,4604.49,1756245542400,278244.3205
14,4523.74,1756331942400,412291.9687
15,4501.29,1756418342400,293307.1099
16,4590.53,1756504742400,476981.4561
17,4587.66,1756591142400,290660.377
18,4468.59,1756677542400,331611.1482
19,4480.42,1756763942400,130781.913
20,4444.97,1756850342400,149349.8262
21,4199.08,1756936742400,708243.2348
22,4164.26,1757023142400,315227.9057
23,4152.81,1757109542400,353665.5671
24,3874.36,1757195942400,930327.6951
25,4032.24,1757282342400,575711.0859
26,4018.38,1757368742400,172693.2638
27,4142.16,1757455142400,240331.8589
28,4215.07,1757541542400,380728.6784
29,4145.15,1757627942400,391126.6172
0,4348.03,1757714342400,507026.3822
1,4484.35,1757800742400,526411.1571
2,4512.87,1757887142400,485684.0267
3,4487.15,1757973542400,199732.7088
4,4514.32,1758059942400,506587.9614
5,4684.01,1758146342400,456200.6528
6,4447.7,1758232742400,640685.9319
7,4525.72,1758319142400,399904.3287
8,4368.09,1758405542400,515978.1829
9,3829.72,1758491942400,1493971.0244
10,3746.79,1758578342400,789885.6582
11,4152.29,1758664742400,811308.152
12,4240.85,1758751142400,622813.9247
13,4125.02,1758837542400,962996.7658
14,3985.61,1758923942400,626081.6966
15,3894.51,1759010342400,643804.6163
16,3831.57,1759096742400,830127.0885
17,3889.21,1759183142400,250710.6121
18,3982.58,1759269542400,408538.2545
19,3979.22,1759355942400,511382.3301
20,3873.05,1759442342400,590594.1382
21,3805.53,1759528742400,593130.0905
22,3856.8,1759615142400,477231.0181
23,3934.88,1759701542400,425926.9383
24,3953.82,1759787942400,138526.3338
25,4158.46,1759874342400,344698.0918
26,4120.15,1759960742400,487131.2291
27,3979.2,1760047142400,472965.8377
28,3902.99,1760133542400,486452.3127
29,3805.09,1760219942400,531455.9923
30,3847.99,1760306342400,478636.2995
0,3873.77,1760392742400,152998.1626
1,3906.58,1760479142400,216083.1542
2,3603.83,1760565542400,877187.3852
3,3287.05,1760651942400,1568004.2379
4,3424.29,1760738342400,809591.5132
5,3315.14,1760824742400,566363.7003
6,3436.05,1760911142400,683417.3854
7,3401.51,1760997542400,291532.2881
8,3583.46,1761083942400,464098.052
9,3567.85,1761170342400,595273.0298
10,3417.76,1761256742400,660283.2747
11,3414.92,1761343142400,553101.9368
12,3231.54,1761429542400,951989.1347
13,3112.4,1761515942400,890446.1491
14,3167.88,1761602342400,338463.4782
15,3095.29,1761688742400,570633.5809
16,3031.44,1761775142400,762500.4289
17,3123.66,1761861542400,766640.1058
18,3025.48,1761947942400,737926.7146
19,2834.22,1762034342400,912524.3718
20,2765.85,1762120742400,1180475.4085
21,2770.12,1762207142400,264691.3089
22,2802.16,1762293542400,409808.5734
23,2953.38,1762379942400,715279.7551
24,2959.36,1762466342400,427686.4528
25,3026.56,1762552742400,364535.326
26,3015.23,1762639142400,274980.3955
27,3031.15,1762725542400,346616.0275
28,2989.16,1762811942400,217904.1303
29,2991.26,1762898342400,182722.4253
0,2799.07,1762984742400,849002.9909
1,2996.07,1763071142400,523707.3586
2,3188.36,1763157542400,553669.8146
3,3133.26,1763243942400,486698.3987
4,3021.78,1763330342400,530382.8986
5,3038.06,1763416742400,159721.2488
6,3059.85,1763503142400,391129.675
7,3124.16,1763589542400,452820.2207
8,3318.04,1763675942400,603859.9458
9,3324.14,1763762342400,539585.4535
10,3237.39,1763848742400,504114.2391
11,3084.86,1763935142400,435686.4435
12,3114.64,1764021542400,136465.7567
13,3063.5,1764107942400,279058.3545
14,2964.85,1764194342400,520509.9555
15,2962.3,1764280742400,378293.1159
16,2833.49,1764367142400,497630.4162
17,2828.57,1764453542400,595253.7997
18,2979.5,1764539942400,531702.5439
19,2977.93,1764626342400,91783.7734
20,3002.02,1764712742400,162244.8067
21,3009.49,1764799142400,298443.5633
22,2965.02,1764885542400,386465.747
23,2947.47,1764971942400,197035.5598
24,2903.95,1765058342400,188721.2981
25,2927.99,1765144742400,314830.9989
26,2949.05,1765231142400,95040.3956
27,2950.91,1765317542400,128834.139
28,2937.9,1765403942400,485959.1824
29,2973.69,1765490342400,286583.2879
30,2971.64,1765576742400,233729.5887
