,close,time,volume
0,134.52,0,5505077.63
1,132.49,86400,4193984.2
2,136.9,172800,2964507.05
3,132.14,259200,3456901.43
4,126.87,345600,2833885.54
5,112.95,432000,4266870.2
6,118.48,518400,3326346.75
7,109.92,604800,3328966.49
8,112.96,691200,1376896.77
9,111.07,777600,1560720.04
10,99.67,864000,3332133.13
11,103.22,950400,3527634.19
12,104.94,1036800,2204306.4
13,100.77,1123200,2711073.76
14,101.31,1209600,1384490.37
15,102.06,1296000,1006216.36
16,100.15,1382400,1509800.04
17,102.33,1468800,2751434.83
18,108.51,1555200,2675360.43
19,105.59,1641600,2768156.81
20,101.78,1728000,2671646.36
21,100.55,1814400,1777613.85
22,100.63,1900800,1081628.14
23,99.23,1987200,1064136.15
24,100.99,2073600,2317293.8
25,95.7,2160000,1897735.14
26,98.36,2246400,1833742.63
27,98.24,2332800,1849394.04
28,93.96,2419200,1736234.87
29,84.63,2505600,1829537.27
0,89.68,2592000,2353897.93
1,87.5,2678400,1915805.97
2,85.86,2764800,1562366.45
3,92.77,2851200,2246070.16
4,84.52,2937600,3311421.92
5,81.68,3024000,2607225.81
6,78.86,3110400,1906773.25
7,75.38,3196800,2736836.4
8,62.16,3283200,5846036.682
9,66.9,3369600,7855041.331
10,50.9,3456000,11626123.021
11,44.64,3542400,13635820.465
12,48.92,3628800,8718594.5
13,52.43,3715200,5099487.21
14,58.83,3801600,3885558.77
15,53.79,3888000,5418221.63
16,57.02,3974400,4346066.59
17,49.93,4060800,4470848.03
18,52.2,4147200,4794335.94
19,49.43,4233600,4811635.67
20,50.31,4320000,1969104.94
21,52.48,4406400,2723718.45
22,49.17,4492800,4201654.88
23,49.67,4579200,3645448.65
24,47.98,4665600,3294918.76
25,43.44,4752000,7025986.74
26,41.17,4838400,7547814.8
27,44.25,4924800,4317517.06
28,44.98,5011200,4628871.1
29,47.22,5097600,5476313.14
30,45.77,5184000,4479536.73
0,40.11,5270400,4778696.94
1,40.85,5356800,5153870.27
2,38.28,5443200,4437324.64
3,39.0,5529600,3736176.79
4,38.52,5616000,3618511.38
5,42.39,5702400,6823258.3
6,39.31,5788800,7677286.83
7,38.83,5875200,3988154.3
8,39.96,5961600,4587327.75
9,37.17,6048000,4364643.34
10,33.93,6134400,4638154.317
11,30.61,6220800,6810748.104
12,28.6,6307200,13336972.466
13,29.59,6393600,11437619.27
14,34.76,6480000,12673444.09
15,30.12,6566400,10418712.66
16,30.71,6652800,6274370.5
17,32.02,6739200,9330644.34
18,34.19,6825600,9253122.78
19,35.24,6912000,8218146.8
20,36.42,6998400,7429098.76
21,34.12,7084800,6494707.01
22,38.15,7171200,7002610.45
23,41.91,7257600,6583046.23
24,42.22,7344000,4294211.07
25,39.39,7430400,4024143.84
26,38.52,7516800,4172937.4
27,35.35,7603200,5581335.85
28,34.05,7689600,5755278.44
29,33.76,7776000,5337105.46
0,32.84,7862400,6155756.76
1,33.36,7948800,2740500.19
2,33.39,8035200,2394572.39
3,36.71,8121600,4064615.13
4,35.4,8208000,6098472.04
5,37.04,8294400,5298552.9
6,38.46,8380800,4091777.28
7,38.12,8467200,5277992.76
8,38.06,8553600,2088073.86
9,36.71,8640000,2181587.6
10,33.42,8726400,2927967.37
11,32.68,8812800,3202970.4
12,34.94,8899200,4798032.13
13,37.15,8985600,5214767.02
14,37.36,9072000,4440629.04
15,39.58,9158400,3945225.2
16,38.62,9244800,3795951.41
17,43.52,9331200,6300282.95
18,44.87,9417600,7876651.82
19,42.04,9504000,6380441.74
20,43.11,9590400,6134099.29
21,40.54,9676800,4495729.55
22,39.97,9763200,3421971.49
23,40.93,9849600,3327219.47
24,36.65,9936000,4237919.99
25,36.25,10022400,4496178.57
26,40.23,10108800,5860676.17
27,42.91,10195200,6754342.15
28,41.91,10281600,4949319.15
29,43.84,10368000,5388479.3
30,42.35,10454400,3287571.37
0,41.65,10540800,3302835.44
1,39.79,10627200,3598240.96
2,38.54,10713600,8391441.54
3,38.83,10800000,4151096.9
4,40.55,10886400,3510687.91
5,40.07,10972800,1600652.0
6,40.6,11059200,1745897.7
7,42.18,11145600,3823749.6
8,40.33,11232000,2832475.74
9,42.47,11318400,4467794.94
10,42.77,11404800,5808859.44
11,45.48,11491200,3376989.68
12,46.6,11577600,4706648.94
13,44.87,11664000,3476179.16
14,43.72,11750400,4145114.74
15,43.08,11836800,3604735.73
16,40.54,11923200,4207333.0
17,39.52,12009600,2839363.98
18,35.81,12096000,6209609.03
19,35.28,12182400,3873077.48
20,36.47,12268800,3184917.72
21,35.41,12355200,3740448.14
22,35.68,12441600,2736678.36
23,34.89,12528000,2588768.41
24,35.27,12614400,2472099.5
25,31.72,12700800,5268727.97
26,31.53,12787200,3025394.15
27,30.44,12873600,2245087.33
28,32.42,12960000,3758900.71
29,31.47,13046400,3466845.37
30,31.5,13132800,2705795.29
0,31.61,13219200,2304167.56
1,31.23,13305600,2327194.21
2,31.12,13392000,773414.2
3,32.16,13478400,1302960.75
4,32.18,13564800,1545295.72
5,30.88,13651200,4663061.68
6,32.69,13737600,2516005.51
7,33.61,13824000,3062370.54
8,34.67,13910400,3748304.0
9,35.03,13996800,1977630.96
10,34.99,14083200,1999936.19
11,37.44,14169600,5186842.63
12,33.0,14256000,6401715.44
13,34.12,14342400,3170484.22
14,33.07,14428800,3696318.23
15,32.25,14515200,2180222.56
16,33.68,14601600,1414903.11
17,31.1,14688000,2299068.39
18,32.62,14774400,3503472.34
19,31.41,14860800,2558791.65
20,30.65,14947200,4545539.08
21,32.43,15033600,2975325.9
22,33.66,15120000,3481076.73
23,33.38,15206400,3102314.35
24,32.34,15292800,1838509.33
25,33.88,15379200,3284142.93
26,32.69,15465600,4411114.63
27,33.22,15552000,3091106.5
28,33.93,15638400,2735381.21
29,33.25,15724800,4264290.42
0,32.44,15811200,1458835.24
1,32.06,15897600,1472849.24
2,32.89,15984000,1890470.2
3,34.09,16070400,1949740.88
4,34.04,16156800,1777550.81
5,33.36,16243200,1799751.22
6,32.98,16329600,1963117.82
7,32.58,16416000,785559.59
8,32.92,16502400,883235.74
9,31.96,16588800,1554680.4
10,30.8,16675200,1923666.97
11,31.16,16761600,1048211.96
12,30.49,16848000,4402648.71
13,30.0,16934400,2384103.67
14,29.59,17020800,1009243.59
15,30.17,17107200,934949.4
16,31.21,17193600,1694429.96
17,30.15,17280000,1966281.14
18,28.86,17366400,1713727.76
19,28.01,17452800,2379315.87
20,28.1,17539200,3208878.96
21,28.01,17625600,1333382.63
22,29.28,17712000,2150824.0
23,28.3,17798400,2525864.52
24,30.86,17884800,4389638.87
25,31.29,17971200,3909684.74
26,30.58,18057600,3608322.35
27,32.07,18144000,3017472.57
28,32.87,18230400,3316674.09
29,32.94,18316800,1962511.76
30,32.56,18403200,3082485.07
0,32.2,18489600,2015730.52
1,30.8,18576000,3423829.13
2,30.85,18662400,2302866.46
3,33.74,18748800,4106770.6
4,36.9,18835200,7466083.52
5,32.62,18921600,4722074.05
6,29.62,19008000,9810937.64
7,24.38,19094400,28156844.019
8,14.08,19180800,34965021.076
9,17.66,19267200,31278279.25
10,16.45,19353600,16952323.15
11,14.58,19440000,6958266.14
12,13.18,19526400,7632404.82
13,14.0,19612800,12412181.95
14,14.32,19699200,7666656.34
15,14.27,19785600,4117412.48
16,13.65,19872000,6589277.99
17,13.27,19958400,2949495.18
18,12.84,20044800,2920148.22
19,12.27,20131200,4790066.03
20,11.83,20217600,4921177.259
21,12.44,20304000,5495351.55
22,14.36,20390400,7872882.42
23,14.59,20476800,4725295.69
24,14.03,20563200,2819515.28
25,14.17,20649600,2911827.78
26,14.12,20736000,2063327.08
27,13.32,20822400,4718682.44
28,13.34,20908800,2605636.41
29,14.16,20995200,3599962.88
0,13.51,21081600,2567835.92
1,13.71,21168000,2865008.71
2,13.29,21254400,1958859.38
3,13.71,21340800,1778118.75
4,13.82,21427200,3962489.89
5,14.3,21513600,3280084.71
6,13.49,21600000,2647330.66
7,13.69,21686400,2218371.02
8,13.59,21772800,2597941.96
9,13.58,21859200,950118.11
10,13.42,21945600,1210234.56
11,13.31,22032000,2644017.08
12,13.89,22118400,3963954.49
13,14.12,22204800,5084591.13
14,14.04,22291200,2711381.25
15,12.25,22377600,4522833.23
16,12.51,22464000,2465880.45
17,12.38,22550400,1358593.49
18,11.94,22636800,2385052.59
19,12.26,22723200,1699256.37
20,12.14,22809600,1549774.66
21,11.82,22896000,1805407.09
22,11.78,22982400,1647382.32
23,11.45,23068800,2286878.14
24,11.38,23155200,916417.64
25,11.32,23241600,1613225.82
26,11.09,23328000,3052197.59
27,9.76,23414400,7362205.181
28,9.64,23500800,12093989.53
29,9.9,23587200,12587079.51
30,9.97,23673600,3621434.65
0,9.99,23760000,2287512.63
1,11.28,23846400,7628264.93
2,13.37,23932800,14986491.36
3,13.43,24019200,12612735.49
4,13.43,24105600,5834353.76
5,13.5,24192000,5404648.48
6,13.1,24278400,1904950.91
7,14.45,24364800,6295596.12
8,16.25,24451200,19481959.57
9,16.2,24537600,8489417.77
10,16.36,24624000,6661616.67
11,16.59,24710400,9608670.96
12,18.29,24796800,10929884.4
13,24.24,24883200,25997232.06
14,22.89,24969600,11258028.55
15,23.58,25056000,10043368.28
16,22.86,25142400,6056942.68
17,20.79,25228800,11341710.32
18,21.4,25315200,6113345.07
19,25.51,25401600,9652433.39
20,24.57,25488000,12782858.69
21,24.21,25574400,6496779.26
22,24.33,25660800,6100483.98
23,22.78,25747200,6121565.88
24,24.52,25833600,8332368.29
25,24.33,25920000,5450404.1
26,24.43,26006400,4729055.76
27,24.0,26092800,3377884.1
28,26.07,26179200,7785906.2
29,23.96,26265600,7532450.12
30,23.92,26352000,4062387.09
0,25.0,26438400,7304888.31
1,24.32,26524800,7246590.58
2,24.69,26611200,4759274.31
3,24.34,26697600,2034159.41
4,23.47,26784000,4822304.59
5,22.66,26870400,3592829.38
6,23.82,26956800,4900023.85
7,23.22,27043200,3970029.14
8,20.48,27129600,6398790.64
9,20.11,27216000,5523024.53
10,20.81,27302400,1859852.98
11,21.49,27388800,4625241.81
12,20.77,27475200,6685330.04
13,21.84,27561600,7639521.83
14,23.86,27648000,5587903.97
15,22.24,27734400,6832612.63
16,23.14,27820800,4539817.75
17,23.45,27907200,2647511.0
18,24.84,27993600,8316165.25
19,26.26,28080000,10266239.07
20,24.98,28166400,6724448.02
21,24.16,28252800,7174305.66
22,23.91,28339200,4390966.09
23,23.07,28425600,4868888.31
24,22.37,28512000,4541250.05
25,23.25,28598400,2817875.05
26,22.68,28684800,3670697.58
27,21.89,28771200,2291715.21
0,22.51,28857600,2445602.61
1,22.0,28944000,2231193.36
2,21.42,29030400,3635280.89
3,20.98,29116800,1754082.61
4,20.97,29203200,1733301.96
5,20.63,29289600,2216419.88
6,20.25,29376000,3104831.99
7,18.41,29462400,5826803.53
8,17.33,29548800,7832548.96
9,18.17,29635200,9520202.65
10,18.07,29721600,6593106.41
11,20.2,29808000,6555846.63
12,20.4,29894400,10652102.31
13,20.86,29980800,9812864.39
14,19.24,30067200,7661168.72
15,19.67,30153600,4381882.68
16,21.6,30240000,5853746.15
17,21.2,30326400,7417972.25
18,21.86,30412800,4290990.03
19,22.13,30499200,10056429.13
20,22.53,30585600,6547867.38
21,21.42,30672000,8602292.98
22,22.16,30758400,5049411.36
23,20.66,30844800,4995998.21
24,20.41,30931200,2338133.56
25,20.94,31017600,1848599.09
26,19.91,31104000,3556384.38
27,20.45,31190400,3316462.41
28,21.1,31276800,3377523.28
29,20.55,31363200,4349577.78
30,21.16,31449600,3228391.27
0,21.08,31536000,1824463.55
1,20.52,31622400,1822345.58
2,20.45,31708800,3984085.57
3,20.92,31795200,2514863.89
4,20.97,31881600,2603072.26
5,20.62,31968000,1674280.5
6,20.44,32054400,1220862.47
7,20.04,32140800,1608993.48
8,20.28,32227200,1051608.84
9,20.89,32313600,1615129.64
10,22.98,32400000,8297859.99
11,23.8,32486400,10374263.08
12,24.43,32572800,6063385.78
13,24.71,32659200,6432126.81
14,24.05,32745600,2861426.92
15,25.34,32832000,3471417.67
16,24.58,32918400,5631537.5
17,24.82,33004800,3477504.6
18,22.66,33091200,6650547.99
19,22.2,33177600,5486212.56
20,21.25,33264000,4194496.37
21,21.79,33350400,1831214.09
22,21.47,33436800,2754139.65
23,21.38,33523200,3120614.16
24,21.93,33609600,3314599.54
25,21.28,33696000,6657868.13
26,22.33,33782400,4703115.03
27,23.34,33868800,4422324.38
28,23.19,33955200,3194699.55
29,22.74,34041600,3110943.4
0,21.96,34128000,3758634.21
1,22.25,34214400,2566813.09
2,22.24,34300800,4181975.28
3,21.74,34387200,2529635.56
4,22.82,34473600,3636404.07
5,21.91,34560000,2849745.66
6,21.66,34646400,2954384.97
7,20.62,34732800,5254424.55
8,20.65,34819200,2375473.6
9,20.91,34905600,5057170.3
10,20.17,34992000,3721715.1
11,20.9,35078400,3076452.18
12,20.84,35164800,1835421.61
13,20.93,35251200,1553375.08
14,20.99,35337600,2858317.83
15,20.67,35424000,2722401.44
16,21.06,35510400,2614414.01
17,20.34,35596800,2624370.52
18,20.36,35683200,1214543.49
19,20.28,35769600,856718.98
20,19.61,35856000,1976334.78
21,19.53,35942400,2054927.32
22,20.02,36028800,2466255.33
23,19.22,36115200,2780601.57
24,19.25,36201600,1692742.89
25,19.35,36288000,1034272.52
26,20.43,36374400,1565995.03
27,20.81,36460800,2874459.57
28,20.57,36547200,2222352.38
29,21.25,36633600,3192653.91
30,20.81,36720000,2050625.96
0,20.49,36806400,1732297.47
1,21.26,36892800,2068166.11
2,21.19,36979200,1130915.88
3,21.82,37065600,2800007.16
4,20.0,37152000,6215040.24
5,20.38,37238400,4383534.14
6,18.64,37324800,3842270.95
7,18.89,37411200,2669714.01
8,17.4,37497600,4755455.49
9,15.61,37584000,17211734.83
10,15.55,37670400,6064017.28
11,15.19,37756800,5195357.99
12,15.04,37843200,4814274.27
13,14.48,37929600,3978891.53
14,14.77,38016000,4700648.85
15,15.31,38102400,2809890.09
16,15.64,38188800,2500321.4
17,15.45,38275200,1603688.44
18,16.1,38361600,1890318.27
19,16.64,38448000,3005581.72
20,17.23,38534400,4146918.99
21,16.62,38620800,3547312.43
22,17.13,38707200,4851596.52
23,16.64,38793600,2908701.89
24,16.96,38880000,2723041.25
25,16.27,38966400,3056592.4
26,16.63,39052800,2951107.45
27,15.97,39139200,4040252.29
28,17.99,39225600,7948251.73
29,18.86,39312000,11454016.49
0,18.7,39398400,3515091.93
1,19.45,39484800,4872775.08
2,19.26,39571200,3065186.84
3,19.13,39657600,3096292.18
4,19.0,39744000,2415908.51
5,19.61,39830400,9598016.99
6,21.5,39916800,9794096.48
7,21.81,40003200,6473021.26
8,21.32,40089600,3867361.76
9,21.3,40176000,5671089.94
10,22.07,40262400,4616810.71
11,21.94,40348800,6086113.95
12,26.01,40435200,16102139.02
13,26.67,40521600,19571913.81
14,27.46,40608000,11042658.65
15,27.42,40694400,6708916.61
16,26.8,40780800,8662837.64
17,25.54,40867200,6327315.88
18,26.31,40953600,4966905.24
19,25.38,41040000,4977278.58
20,25.5,41126400,3295444.38
21,24.52,41212800,2382898.21
22,24.76,41299200,2341589.79
23,23.37,41385600,4042066.22
24,23.27,41472000,2522195.44
25,25.17,41558400,6033716.58
26,25.1,41644800,4207657.06
27,24.82,41731200,2736684.18
28,25.17,41817600,1768964.07
29,24.25,41904000,2774658.63
30,23.73,41990400,3167365.08
0,24.05,42076800,3598080.21
1,23.15,42163200,3308680.67
2,22.65,42249600,2981853.02
3,22.8,42336000,3225053.92
4,22.65,42422400,1781301.39
5,23.2,42508800,2662470.7
6,23.12,42595200,3303008.9
7,24.22,42681600,4652753.86
8,24.38,42768000,3857674.95
9,24.62,42854400,2556841.66
10,24.62,42940800,2415119.74
11,24.91,43027200,1814019.36
12,24.23,43113600,2013530.94
13,25.18,43200000,2935003.9
14,23.9,43286400,3856498.57
15,22.82,43372800,4333224.4
16,21.66,43459200,6294552.09
17,21.34,43545600,3890112.81
18,21.9,43632000,1694233.32
19,21.77,43718400,1053613.37
20,21.2,43804800,2646392.48
21,20.59,43891200,3635900.71
22,21.74,43977600,3704350.5
23,21.06,44064000,2719332.54
24,20.42,44150400,2321828.3
25,20.29,44236800,743690.27
26,20.79,44323200,1103526.81
27,20.56,44409600,1622343.78
28,21.79,44496000,5271801.95
29,20.82,44582400,2462706.77
30,19.74,44668800,3342646.88
0,19.33,44755200,2517375.38
1,19.5,44841600,1419243.59
2,19.57,44928000,1032117.62
3,19.52,45014400,2206040.45
4,20.26,45100800,4197171.75
5,19.64,45187200,3429947.48
6,19.92,45273600,2375627.15
7,19.61,45360000,1972054.86
8,19.44,45446400,646379.52
9,18.24,45532800,5630975.71
10,17.72,45619200,4755172.77
11,17.92,45705600,4818249.11
12,18.4,45792000,4063710.36
13,18.85,45878400,4397747.38
14,19.14,45964800,2087888.26
15,19.12,46051200,1416418.73
16,18.81,46137600,1073239.72
17,19.64,46224000,3731851.86
18,20.03,46310400,3110481.29
19,20.29,46396800,2588399.2
20,19.46,46483200,2959370.24
21,19.43,46569600,1857771.33
22,19.49,46656000,897913.0
23,19.36,46742400,1091026.97
24,19.39,46828800,1702995.14
25,19.03,46915200,1977195.6
26,19.14,47001600,2446438.2
27,19.96,47088000,2804835.46
28,20.28,47174400,2724984.42
29,21.37,47260800,3565357.52
0,23.87,47347200,6416328.5
1,23.37,47433600,6313085.51
2,23.6,47520000,5894722.26
3,23.13,47606400,3945261.33
4,22.7,47692800,3287722.78
5,23.41,47779200,4366362.12
6,23.3,47865600,2949841.72
7,23.22,47952000,1934466.13
8,22.1,48038400,4186290.48
9,22.11,48124800,2334716.24
10,22.01,48211200,2734211.94
11,21.28,48297600,2921129.02
12,21.84,48384000,2403623.09
13,22.0,48470400,1303774.54
14,21.93,48556800,1455965.78
15,23.95,48643200,6973642.82
16,23.93,48729600,4456015.31
17,23.42,48816000,2982409.96
18,24.93,48902400,5889168.99
19,27.03,48988800,7266627.01
20,29.32,49075200,9576358.72
21,29.05,49161600,5567480.03
22,31.88,49248000,12178546.11
23,30.17,49334400,11152278.09
24,32.44,49420800,10582632.89
25,32.77,49507200,6940180.71
26,31.73,49593600,6273331.35
27,31.63,49680000,2594478.41
28,32.83,49766400,3483834.9
29,34.94,49852800,7627255.13
30,38.4,49939200,9267665.69
0,41.15,50025600,19486359.98
1,40.23,50112000,14743830.91
2,39.45,50198400,10290073.48
3,42.41,50284800,7452581.71
4,41.15,50371200,4117962.39
5,42.16,50457600,4866558.59
6,42.93,50544000,8826660.47
7,43.13,50630400,4580371.01
8,45.29,50716800,12546941.33
9,56.67,50803200,14708555.35
10,56.34,50889600,13790858.3
11,56.28,50976000,10246085.39
12,51.6,51062400,11066863.24
13,56.81,51148800,12213778.24
14,65.43,51235200,12800109.28
15,57.8,51321600,13868327.04
16,58.51,51408000,11968303.78
17,58.56,51494400,7374946.5
18,61.1,51580800,7009650.09
19,56.57,51667200,7127562.28
20,51.65,51753600,10741088.9
21,57.56,51840000,7891464.65
22,56.51,51926400,4925635.15
23,56.86,52012800,3905651.92
24,58.82,52099200,4095129.28
25,57.57,52185600,3097837.47
26,55.06,52272000,4618869.6
27,58.18,52358400,5642915.95
28,59.31,52444800,7574392.84
29,59.3,52531200,4597104.01
0,59.75,52617600,5422494.06
1,63.66,52704000,4898503.76
2,62.98,52790400,4675198.65
3,61.64,52876800,7696216.19
4,61.03,52963200,6032438.26
5,61.85,53049600,11121135.68
6,67.74,53136000,10648583.32
7,74.94,53222400,11314830.348
8,72.3,53308800,8809964.3
9,74.87,53395200,5886808.01
10,70.25,53481600,12970688.47
11,68.6,53568000,7763463.64
12,70.62,53654400,8271925.44
13,75.68,53740800,7493589.41
14,72.51,53827200,8834567.44
15,73.72,53913600,5513079.61
16,70.87,54000000,5108641.26
17,74.42,54086400,7219822.33
18,73.0,54172800,6086806.16
19,82.21,54259200,10701294.29
20,93.84,54345600,12129644.35
21,97.9,54432000,11975121.56
22,107.88,54518400,8336420.6
23,112.45,54604800,12261699.03
24,120.91,54691200,11114497.92
25,112.49,54777600,12300095.38
26,106.91,54864000,8972638.9
27,101.8,54950400,10194201.02
28,106.17,55036800,9432538.67
29,101.9,55123200,4178339.62
30,101.72,55209600,3821990.67
0,109.91,55296000,4403310.37
1,106.73,55382400,7831366.05
2,98.52,55468800,12221060.38
3,104.91,55555200,7235482.95
4,99.94,55641600,6703567.21
5,93.77,55728000,5151478.03
6,89.44,55814400,5547334.15
7,97.88,55900800,9677497.13
8,99.36,55987200,8574930.67
9,102.0,56073600,8634280.07
10,99.9,56160000,8986682.95
11,92.12,56246400,6462190.24
12,95.85,56332800,4054010.92
13,93.81,56419200,5767904.66
14,94.36,56505600,3605978.31
15,97.61,56592000,3768288.08
16,102.1,56678400,6932306.54
17,94.4,56764800,6216673.0
18,93.62,56851200,6357442.75
19,92.88,56937600,2799385.87
20,91.09,57024000,2013751.83
21,83.84,57110400,7065444.82
22,84.35,57196800,8284305.33
23,88.77,57283200,6058894.15
24,86.91,57369600,4002698.2
25,92.28,57456000,4693818.55
26,94.28,57542400,2735837.45
27,95.98,57628800,5618408.23
28,101.68,57715200,5772519.82
29,101.4,57801600,6990527.25
30,96.96,57888000,8609956.87
0,97.81,57974400,6556006.07
1,100.58,58060800,5487861.84
2,97.96,58147200,2787373.11
3,95.49,58233600,2914876.34
4,95.66,58320000,3891146.06
5,96.88,58406400,4279238.07
6,101.14,58492800,4577672.06
7,102.76,58579200,5082811.46
8,106.94,58665600,6686758.45
9,109.01,58752000,3939526.49
10,107.46,58838400,2755398.4
11,111.64,58924800,6169652.05
12,112.48,59011200,5622825.56
13,116.97,59097600,4884824.42
14,113.5,59184000,4927735.5
15,110.33,59270400,3947132.77
16,108.92,59356800,2897705.67
17,112.24,59443200,3083833.73
18,111.53,59529600,3746704.95
19,108.31,59616000,5676734.13
20,105.03,59702400,4752688.01
21,101.76,59788800,3905642.33
22,99.9,59875200,3546853.99
23,104.01,59961600,2334116.02
24,103.47,60048000,1967184.81
25,109.9,60134400,5392138.71
26,108.36,60220800,6198163.52
27,119.03,60307200,11832282.01
28,125.68,60393600,13847087.32
0,129.43,60480000,8376631.09
1,130.02,60566400,4693251.94
2,130.16,60652800,5228370.86
3,133.27,60739200,8053684.79
4,125.31,60825600,17035242.52
5,130.79,60912000,9581617.48
6,143.82,60998400,10952975.3
7,144.79,61084800,8096745.65
8,144.29,61171200,3686876.81
9,144.39,61257600,4489519.25
10,148.83,61344000,7743384.35
11,151.05,61430400,8930538.0
12,163.9,61516800,7627285.95
13,176.65,61603200,10423585.86
14,183.95,61689600,17484961.6
15,182.05,61776000,13017058.01
16,201.86,61862400,10524537.06
17,195.92,61948800,11583736.08
18,169.82,62035200,16935298.87
19,191.77,62121600,12365784.68
20,179.46,62208000,8064316.56
21,175.21,62294400,6152106.89
22,172.65,62380800,3504716.61
23,183.88,62467200,3578259.38
24,188.99,62553600,5240091.85
25,190.46,62640000,4465611.36
26,186.33,62726400,5173929.09
27,189.63,62812800,3602194.14
28,192.01,62899200,3580115.76
29,194.2,62985600,3491334.38
30,202.45,63072000,2398135.45
0,192.24,63158400,4599776.65
1,181.53,63244800,5766777.4
2,185.05,63331200,5010275.57
3,184.0,63417600,3773747.36
4,174.37,63504000,5000847.22
5,178.68,63590400,2641869.38
6,179.52,63676800,2235798.23
7,180.68,63763200,3690701.97
8,172.42,63849600,3401885.89
9,173.31,63936000,4653467.65
10,172.37,64022400,3761197.49
11,153.16,64108800,6842096.22
12,138.47,64195200,15444420.06
13,151.25,64281600,12428370.68
14,138.51,64368000,9332424.74
15,136.22,64454400,9794711.9
16,131.84,64540800,9559485.27
17,142.07,64627200,7805067.82
18,142.5,64713600,11145361.53
19,151.22,64800000,4855973.67
20,148.8,64886400,3646801.53
21,156.95,64972800,4967360.16
22,154.75,65059200,4102272.11
23,147.78,65145600,6491963.0
24,144.84,65232000,5417465.27
25,139.23,65318400,3749353.51
26,141.31,65404800,3821061.91
27,137.99,65491200,2951913.56
28,137.77,65577600,4267883.497
29,126.77,65664000,6026555.488
0,134.64,65750400,7991325.271
1,137.58,65836800,5743465.621
2,143.69,65923200,4524855.556
3,146.05,66009600,2808003.24
4,145.73,66096000,2131850.263
5,152.82,66182400,4787441.567
6,148.03,66268800,4486379.596
7,142.18,66355200,4533265.341
8,152.57,66441600,3912139.908
9,146.01,66528000,4124775.208
10,145.42,66614400,2017032.814
11,143.43,66700800,1422547.627
12,147.54,66787200,4407929.923
13,142.03,66873600,3389933.371
14,158.52,66960000,4885274.203
15,159.37,67046400,4200112.765
16,169.44,67132800,4097186.841
17,172.4,67219200,2874473.997
18,169.93,67305600,2696984.074
19,186.7,67392000,5690568.998
20,178.15,67478400,4727780.064
21,176.95,67564800,4272900.127
22,176.16,67651200,5598921.63
23,167.7,67737600,4819660.642
24,168.35,67824000,1911443.135
25,163.41,67910400,3126117.989
26,170.15,67996800,3260017.055
27,168.68,68083200,3779251.343
28,168.32,68169600,2946277.294
29,166.88,68256000,3307767.047
30,165.65,68342400,2592736.388
0,166.14,68428800,1070498.928
1,163.15,68515200,1669577.986
2,164.89,68601600,2378016.532
3,171.78,68688000,2124954.015
4,173.54,68774400,2560223.589
5,170.15,68860800,2116238.234
6,162.5,68947200,3538852.091
7,157.83,69033600,1789882.65
8,162.12,69120000,1444905.0
9,159.05,69206400,1760276.954
10,149.31,69292800,3646582.777
11,155.22,69379200,3851856.394
12,147.29,69465600,2573289.111
13,143.05,69552000,3183461.493
14,145.52,69638400,1346924.922
15,151.3,69724800,1405879.427
16,143.27,69811200,3412959.812
17,137.41,69897600,6557976.71
18,135.62,69984000,3536777.468
19,133.55,70070400,3507680.508
20,134.6,70156800,3230074.027
21,133.69,70243200,1399215.891
22,128.69,70329600,1492401.231
23,132.33,70416000,5583497.777
24,136.58,70502400,3963661.704
25,136.81,70588800,2503428.066
26,149.71,70675200,4450967.436
27,140.03,70761600,3339031.267
28,140.28,70848000,1468985.543
29,146.61,70934400,2086670.189
0,146.67,71020800,2280252.836
1,154.03,71107200,2776061.292
2,140.84,71193600,4189341.933
3,127.86,71280000,5230812.158
4,134.32,71366400,7669471.231
5,143.05,71452800,2873919.136
6,131.64,71539200,2590805.369
7,139.81,71625600,5708358.008
8,141.42,71712000,3363673.606
9,141.98,71798400,2700825.893
10,135.73,71884800,3363094.13
11,139.46,71971200,2929528.431
12,141.9,72057600,1357177.621
13,147.66,72144000,2997466.757
14,159.38,72230400,3428848.522
15,160.62,72316800,3988105.454
16,155.5,72403200,2840583.09
17,159.22,72489600,2584704.124
18,169.13,72576000,4685513.24
19,173.6,72662400,2047796.046
20,184.49,72748800,3684536.411
21,178.9,72835200,3345609.525
22,173.03,72921600,3895827.332
23,178.06,73008000,3845177.713
24,171.85,73094400,4859387.428
25,183.06,73180800,3030603.246
26,183.92,73267200,3518852.056
27,184.9,73353600,1901473.957
28,182.57,73440000,4024560.314
29,179.16,73526400,3074498.493
30,171.71,73612800,3250862.527
0,167.37,73699200,5523497.615
1,152.77,73785600,5553017.934
2,142.52,73872000,5444954.693
3,138.33,73958400,7037715.285
4,129.78,74044800,24267557.819
5,144.4,74131200,8362643.634
6,144.77,74217600,8372307.587
7,163.13,74304000,7303133.96
8,156.28,74390400,4098735.233
9,154.01,74476800,1885839.233
10,141.57,74563200,3468314.255
11,146.29,74649600,4946945.239
12,146.65,74736000,2865655.423
13,143.71,74822400,3927148.647
14,142.58,74908800,4229038.816
15,139.04,74995200,4035320.605
16,141.93,75081600,1561594.103
17,142.42,75168000,2352046.743
18,144.29,75254400,2940357.953
19,142.27,75340800,3021467.596
20,142.79,75427200,2519581.859
21,143.22,75513600,1825402.718
22,153.26,75600000,3781090.162
23,160.67,75686400,3739086.949
24,158.92,75772800,2629083.703
25,157.12,75859200,3318398.041
26,146.79,75945600,3650375.766
27,143.95,76032000,4270867.034
28,140.0,76118400,2921816.829
29,137.99,76204800,4038797.169
30,135.35,76291200,1230210.745
0,128.5,76377600,2928444.741
1,134.94,76464000,3146315.554
2,127.54,76550400,2627381.925
3,133.64,76636800,3814059.109
4,129.41,76723200,2762037.052
5,125.05,76809600,5494252.37
6,127.71,76896000,2111596.965
7,130.15,76982400,1971919.866
8,135.08,77068800,3664956.878
9,135.63,77155200,2305171.22
10,132.42,77241600,3139383.418
11,136.05,77328000,2273359.309
12,139.02,77414400,2714532.025
13,137.14,77500800,1396833.298
14,131.37,77587200,1850456.74
15,131.47,77673600,2136388.305
16,131.54,77760000,2339845.911
17,134.34,77846400,3309787.258
18,142.89,77932800,4130435.35
19,146.66,78019200,4488100.615
20,149.41,78105600,1916733.216
21,144.63,78192000,2165962.888
22,144.79,78278400,3226373.773
23,152.73,78364800,4015502.931
24,147.98,78451200,2728253.346
25,155.55,78537600,4251220.763
26,157.64,78624000,3725660.998
27,156.75,78710400,1580834.341
28,158.46,78796800,2350658.476
29,152.49,78883200,3240682.206
0,145.13,78969600,4991241.419
1,140.18,79056000,3817606.119
2,136.82,79142400,3742347.845
3,143.24,79228800,3120151.953
4,142.59,79315200,1475217.816
5,146.48,79401600,1409071.4
6,143.96,79488000,3607754.951
7,143.49,79574400,2153828.153
8,139.33,79660800,2071518.061
9,139.03,79747200,2289782.907
10,145.53,79833600,2269088.918
11,146.4,79920000,1347679.548
12,147.74,80006400,1599054.833
13,157.59,80092800,3987055.145
14,154.76,80179200,4480025.111
15,154.28,80265600,2851816.35
16,150.5,80352000,2664809.948
17,154.94,80438400,1829394.118
18,159.79,80524800,1724504.166
19,167.4,80611200,3094698.825
20,166.17,80697600,4807758.742
21,167.59,80784000,4115685.502
22,170.85,80870400,4509792.292
23,177.19,80956800,3893052.12
24,164.9,81043200,5718307.066
25,170.88,81129600,3010702.796
26,176.63,81216000,2606131.771
27,178.29,81302400,3877330.221
28,179.42,81388800,4046109.939
29,174.87,81475200,2893112.751
30,168.69,81561600,2661529.298
0,166.1,81648000,3325662.447
1,166.17,81734400,1603273.603
2,162.53,81820800,2745309.829
3,157.95,81907200,3019251.325
4,166.62,81993600,3438156.871
5,186.59,82080000,10385235.992
6,196.35,82166400,4210329.82
7,199.85,82252800,5129244.188
8,199.89,82339200,2833304.996
9,210.07,82425600,7968628.23
10,222.13,82512000,8935306.968
11,211.64,82598400,9001990.659
12,215.13,82684800,10834052.799
13,209.57,82771200,7458523.708
14,218.45,82857600,5271091.924
15,215.71,82944000,4204469.3
16,237.47,83030400,8433424.204
17,239.79,83116800,7485850.361
18,237.63,83203200,5595613.402
19,235.48,83289600,5472203.476
20,256.37,83376000,8595939.994
21,256.9,83462400,5155181.905
22,254.89,83548800,4836783.227
23,252.73,83635200,3665245.812
24,234.18,83721600,4699636.317
25,230.69,83808000,5012621.456
26,241.96,83894400,3807284.297
27,237.59,83980800,2694033.06
28,243.33,84067200,2890806.079
29,237.6,84153600,2279256.816
0,236.8,84240000,2435872.954
1,225.72,84326400,5868060.275
2,233.92,84412800,6918604.728
3,229.15,84499200,4966864.205
4,235.84,84585600,7391549.993
5,236.87,84672000,5136553.827
6,238.14,84758400,2933621.438
7,237.02,84844800,2222837.551
8,216.63,84931200,7391583.708
9,213.6,85017600,7018707.73
10,227.29,85104000,4688484.808
11,226.96,85190400,3559104.067
12,224.79,85276800,2889526.771
13,219.93,85363200,2155654.471
14,224.27,85449600,2130908.009
15,216.19,85536000,3863409.201
16,223.15,85622400,5177736.748
17,206.53,85708800,5565926.563
18,193.81,85795200,7402649.886
19,194.48,85881600,9793383.668
20,181.45,85968000,5243572.617
21,180.52,86054400,3573368.972
22,190.11,86140800,4217664.03
23,197.09,86227200,2709577.672
24,197.44,86313600,1958644.487
25,188.46,86400000,2045566.1
26,184.22,86486400,1946509.645
27,195.5,86572800,1494847.867
28,189.94,86659200,1560190.019
29,191.38,86745600,2415985.488
30,189.31,86832000,2461978.262
0,194.28,1734127142400,1655160.102
1,208.31,1734213542400,3224923.982
2,217.99,1734299942400,3251086.556
3,216.67,1734386342400,1943711.39
4,213.41,1734472742400,2101040.545
5,218.22,1734559142400,2855362.858
6,202.17,1734645542400,3742298.284
7,197.48,1734731942400,4446830.23
8,184.95,1734818342400,3607147.193
9,187.68,1734904742400,3642892.082
10,188.09,1734991142400,2204486.056
11,188.51,1735077542400,1330917.135
12,182.87,1735163942400,5669925.613
13,187.57,1735250342400,2737355.064
14,205.86,1735336742400,3768610.58
15,211.14,1735423142400,5710255.657
16,219.51,1735509542400,4384472.838
17,261.97,1735595942400,19971981.58
18,252.42,1735682342400,25051667.6
19,242.19,1735768742400,16879575.561
20,250.33,1735855142400,7882737.257
21,257.36,1735941542400,6223427.616
22,253.11,1736027942400,6802762.723
23,253.37,1736114342400,5214294.569
24,256.41,1736200742400,3703989.301
25,240.5,1736287142400,3028015.524
26,234.89,1736373542400,8916620.842
27,227.06,1736459942400,3483450.087
28,228.16,1736546342400,3844193.838
29,238.31,1736632742400,3341265.973
30,231.77,1736719142400,2942165.567
0,213.03,1736805542400,2849748.65
1,203.51,1736891942400,7255500.333
2,216.28,1736978342400,12836970.265
3,206.64,1737064742400,6024194.387
4,196.12,1737151142400,3154802.037
5,189.54,1737237542400,3444767.147
6,191.99,1737323942400,3925596.773
7,199.32,1737410342400,1967596.752
8,200.47,1737496742400,2879138.46
9,200.47,1737583142400,4040840.548
10,197.96,1737669542400,3930238.335
11,196.78,1737755942400,3898533.321
12,194.25,1737842342400,2427771.876
13,199.39,1737928742400,3727686.063
14,194.48,1738015142400,1633300.399
15,188.27,1738101542400,2009380.862
16,177.53,1738187942400,4287573.73
17,169.32,1738274342400,6319186.166
18,168.93,1738360742400,3478319.262
19,176.0,1738447142400,2938753.335
20,168.94,1738533542400,4103682.857
21,172.07,1738619942400,1886813.457
22,167.94,1738706342400,1488310.759
23,141.81,1738792742400,7997237.915
24,144.33,1738879142400,11747010.145
25,135.32,1738965542400,5368401.059
26,137.68,1739051942400,4322990.459
27,148.18,1739138342400,10039960.613
0,143.66,1739224742400,4151855.758
1,178.71,1739311142400,13474639.846
2,142.16,1739397542400,11096202.04
3,144.79,1739483942400,10389598.334
4,146.28,1739570342400,4895520.585
5,143.31,1739656742400,4451879.661
6,139.39,1739743142400,7267412.771
7,137.01,1739829542400,2135751.393
8,126.51,1739915942400,3909495.652
9,118.32,1740002342400,6654109.331
10,125.35,1740088742400,6435277.863
11,126.62,1740175142400,4410502.14
12,123.37,1740261542400,2824584.961
13,133.54,1740347942400,3607725.492
14,135.86,1740434342400,1918077.49
15,126.13,1740520742400,2764260.892
16,128.01,1740607142400,2707611.094
17,125.33,1740693542400,3181789.699
18,135.33,1740779942400,4170497.991
19,127.6,1740866342400,2593287.986
20,128.48,1740952742400,2400422.348
21,128.51,1741039142400,1498168.196
22,132.84,1741125542400,1763485.986
23,141.01,1741211942400,4554131.645
24,143.64,1741298342400,3529958.67
25,137.34,1741384742400,3099523.287
26,138.43,1741471142400,2466162.683
27,129.49,1741557542400,3892191.365
28,124.58,1741643942400,2610065.515
29,124.82,1741730342400,1743775.296
30,124.54,1741816742400,3730628.853
0,126.67,1741903142400,3554277.848
1,117.42,1741989542400,6288908.68
2,117.17,1742075942400,5854867.278
3,122.79,1742162342400,5721072.32
4,120.32,1742248742400,1784381.3
5,105.91,1742335142400,4934346.985
6,106.99,1742421542400,12630664.993
7,105.4,1742507942400,5839129.782
8,119.05,1742594342400,9334586.139
9,112.81,1742680742400,5566324.629
10,121.41,1742767142400,4344066.889
11,132.24,1742853542400,4620265.855
12,128.38,1742939942400,4054370.603
13,129.42,1743026342400,4150251.45
14,126.11,1743112742400,3431482.497
15,131.33,1743199142400,5320768.994
16,134.83,1743285542400,3817459.718
17,134.04,1743371942400,2556341.874
18,139.87,1743458342400,2816038.068
19,137.86,1743544742400,3498098.615
20,136.56,1743631142400,4657400.503
21,148.79,1743717542400,5078409.536
22,151.1,1743803942400,4801378.47
23,152.55,1743890342400,3535860.484
24,150.82,1743976742400,4226767.973
25,149.21,1744063142400,1766805.88
26,147.98,1744149542400,1599977.891
27,147.84,1744235942400,3507950.445
28,146.31,1744322342400,2498992.492
29,147.54,1744408742400,2780816.363
0,150.85,1744495142400,3037281.454
1,148.05,1744581542400,2216263.073
2,146.71,1744667942400,1406583.56
3,143.95,1744754342400,1613358.553
4,146.72,1744840742400,2030995.801
5,146.88,1744927142400,2352310.935
6,147.32,1745013542400,2440566.284
7,164.46,1745099942400,6040622.618
8,172.78,1745186342400,6318574.649
9,177.89,1745272742400,3339701.179
10,173.19,1745359142400,3210729.52
11,174.22,1745445542400,6245732.977
12,183.75,1745531942400,4587043.398
13,176.64,1745618342400,3619155.253
14,169.16,1745704742400,3546037.724
15,167.4,1745791142400,2766386.671
16,165.94,1745877542400,2262121.706
17,173.3,1745963942400,3194610.936
18,166.86,1746050342400,4076352.744
19,168.59,1746136742400,3135420.426
20,173.53,1746223142400,4400610.4
21,179.68,1746309542400,3608222.862
22,174.01,1746395942400,6112910.776
23,175.87,1746482342400,2317965.021
24,175.74,1746568742400,2530363.859
25,174.91,1746655142400,2214724.796
26,176.71,1746741542400,2568509.368
27,172.21,1746827942400,2534660.877
28,166.71,1746914342400,2641789.968
29,156.2,1747000742400,3770279.512
30,156.45,1747087142400,2352257.752
0,157.68,1747173542400,2042131.041
1,156.83,1747259942400,2502052.191
2,155.19,1747346342400,2849585.145
3,153.26,1747432742400,1990646.424
4,144.29,1747519142400,4258041.075
5,147.83,1747605542400,2167791.114
6,150.06,1747691942400,1408204.615
7,152.45,1747778342400,1564000.366
8,161.16,1747864742400,3079728.265
9,165.12,1747951142400,3589559.163
10,160.97,1748037542400,4019424.999
11,152.32,1748123942400,2883476.685
12,148.6,1748210342400,5339782.783
13,144.64,1748296742400,1679994.751
14,152.97,1748383142400,2831999.616
15,150.72,1748469542400,3573196.785
16,147.57,1748555942400,3395648.859
17,146.34,1748642342400,2800908.98
18,147.04,1748728742400,2285335.729
19,140.11,1748815142400,3393327.209
20,135.43,1748901542400,2826424.143
21,131.71,1748987942400,4252120.023
22,144.51,1749074342400,4573147.667
23,145.92,1749160742400,2741809.086
24,143.57,1749247142400,2233601.909
25,139.06,1749333542400,2522507.942
26,142.09,1749419942400,2471847.15
27,150.72,1749506342400,2657836.682
28,153.32,1749592742400,2150026.172
29,154.81,1749679142400,3871390.335
0,146.88,1749765542400,2770862.174
1,152.27,1749851942400,2652574.279
2,152.36,1749938342400,2686218.205
3,147.7,1750024742400,2308086.736
4,147.55,1750111142400,1173963.86
5,151.86,1750197542400,2486859.718
6,148.88,1750283942400,2174727.723
7,151.67,1750370342400,2712869.323
8,157.05,1750456742400,2907219.748
9,164.34,1750543142400,3428382.349
10,162.93,1750629542400,4354179.713
11,160.69,1750715942400,2043211.942
12,161.15,1750802342400,1929745.851
13,162.21,1750888742400,3973706.533
14,163.98,1750975142400,3665295.753
15,173.63,1751061542400,5020288.123
16,175.87,1751147942400,4491555.727
17,177.28,1751234342400,5191853.168
18,176.96,1751320742400,2059315.008
19,181.43,1751407142400,3694854.915
20,195.72,1751493542400,6495907.179
21,205.7,1751579942400,8635627.173
22,189.4,1751666342400,5548137.499
23,182.87,1751752742400,5217064.871
24,186.76,1751839142400,4481310.44
25,184.88,1751925542400,1773453.875
26,188.64,1752011942400,2233060.133
27,183.11,1752098342400,4067872.127
28,181.48,1752184742400,2541912.036
29,177.77,1752271142400,3297250.187
30,172.22,1752357542400,2624841.783
0,162.71,1752443942400,4317529.315
1,158.48,1752530342400,2208175.075
2,161.97,1752616742400,2297909.311
3,169.55,1752703142400,2688954.158
4,164.09,1752789542400,2554958.009
5,168.09,1752875942400,1797491.429
6,175.36,1752962342400,3014662.995
7,176.78,1753048742400,3678790.655
8,179.95,1753135142400,3325504.387
9,182.66,1753221542400,4197287.287
10,174.84,1753307942400,3960743.531
11,191.78,1753394342400,5074348.157
12,201.51,1753480742400,7148726.279
13,192.47,1753567142400,8965607.314
14,185.72,1753653542400,4360287.396
15,189.6,1753739942400,2099818.448
16,190.99,1753826342400,2261555.556
17,182.94,1753912742400,3374074.697
18,176.22,1753999142400,3260089.959
19,187.94,1754085542400,3464957.674
20,180.29,1754171942400,2914511.603
21,200.69,1754258342400,6594118.389
22,204.14,1754344742400,4788640.759
23,205.98,1754431142400,7165649.238
24,187.2,1754517542400,7953100.753
25,195.86,1754603942400,4734419.522
26,202.95,1754690342400,7835140.154
27,214.43,1754776742400,7247306.546
28,205.08,1754863142400,8607486.597
29,202.7,1754949542400,3894576.115
30,200.62,1755035942400,3303223.948
0,197.32,1755122342400,4464767.773
1,209.65,1755208742400,4894637.549
2,210.77,1755295142400,4063191.683
3,202.32,1755381542400,2726779.277
4,203.36,1755467942400,4121395.255
5,200.16,1755554342400,1481500.997
6,206.35,1755640742400,2217510.763
7,214.11,1755727142400,5729678.935
8,217.21,1755813542400,4979304.713
9,224.07,1755899942400,4824185.212
10,228.73,1755986342400,4352357.001
11,242.18,1756072742400,5891653.931
12,242.38,1756159142400,3305661.265
13,239.76,1756245542400,4165171.128
14,234.31,1756331942400,4733589.619
15,236.96,1756418342400,3181627.06
16,244.84,1756504742400,4771529.493
17,247.5,1756591142400,3916890.908
18,238.53,1756677542400,3384985.698
19,239.48,1756763942400,1550489.215
20,236.16,1756850342400,1392437.976
21,220.38,1756936742400,5836593.703
22,213.3,1757023142400,3448908.468
23,211.6,1757109542400,4427457.526
24,192.74,1757195942400,6761257.291
25,205.17,1757282342400,5623202.874
26,203.46,1757368742400,2104933.415
27,210.83,1757455142400,2194260.074
28,212.75,1757541542400,3213098.851
29,208.68,1757627942400,3264781.485
0,222.04,1757714342400,4050260.921
1,234.74,1757800742400,4590696.388
2,232.84,1757887142400,4216611.614
3,227.86,1757973542400,1841410.605
4,228.56,1758059942400,3099633.526
5,232.35,1758146342400,2981928.375
6,219.97,1758232742400,4401045.757
7,229.02,1758319142400,3103760.645
8,220.93,1758405542400,3272953.431
9,188.43,1758491942400,9622835.429
10,177.62,1758578342400,7292387.248
11,197.0,1758664742400,6486999.721
12,208.69,1758751142400,6253161.511
13,202.44,1758837542400,7349167.875
14,193.84,1758923942400,5369155.439
15,184.85,1759010342400,5404640.663
16,181.96,1759096742400,6102908.877
17,187.56,1759183142400,2105841.095
18,187.86,1759269542400,2483964.6
19,189.71,1759355942400,3178001.499
20,185.63,1759442342400,4651082.621
21,180.12,1759528742400,3977004.715
22,191.35,1759615142400,3501959.115
23,193.59,1759701542400,3356762.626
24,193.84,1759787942400,1626838.938
25,200.03,1759874342400,2577750.13
26,198.7,1759960742400,3515609.387
27,194.15,1760047142400,4329169.961
28,193.88,1760133542400,4620887.829
29,184.69,1760219942400,5054538.263
30,187.21,1760306342400,3193393.84
0,186.35,1760392742400,1484505.22
1,187.71,1760479142400,1761297.557
2,166.06,1760565542400,7327613.063
3,155.03,1760651942400,8288577.565
4,162.37,1760738342400,4650531.688
5,155.28,1760824742400,3576753.327
6,161.79,1760911142400,4213077.972
7,158.02,1760997542400,2502927.24
8,164.53,1761083942400,3231789.575
9,167.31,1761170342400,3628961.126
10,154.63,1761256742400,4702104.213
11,153.42,1761343142400,4139205.467
12,144.73,1761429542400,5418189.697
13,138.92,1761515942400,6176425.147
14,139.61,1761602342400,2351478.022
15,137.17,1761688742400,3385434.284
16,130.99,1761775142400,5624720.775
17,140.69,1761861542400,5528848.81
18,137.06,1761947942400,4268467.044
19,133.67,1762034342400,7048254.224
20,128.68,1762120742400,8285885.693
21,127.59,1762207142400,2612487.859
22,130.58,1762293542400,2818715.19
23,138.44,1762379942400,4744857.046
24,138.96,1762466342400,2994819.853
25,143.02,1762552742400,4021862.67
26,140.85,1762639142400,2331673.189
27,137.33,1762725542400,3502510.031
28,135.91,1762811942400,1859321.171
29,133.48,1762898342400,2608165.329
0,126.66,1762984742400,5007504.057
1,138.68,1763071142400,5022856.747
2,144.67,1763157542400,3954144.805
3,139.01,1763243942400,2694242.241
4,133.29,1763330342400,3367359.143
5,132.19,1763416742400,1341595.431
6,132.24,1763503142400,3131804.491
7,133.25,1763589542400,3245115.426
8,137.88,1763675942400,4508522.034
9,136.26,1763762342400,4520230.276
10,136.41,1763848742400,4377697.036
11,132.27,1763935142400,4005608.262
12,133.14,1764021542400,1472483.735
13,129.4,1764107942400,1731614.637
14,127.81,1764194342400,3922431.0
15,129.15,1764280742400,2884783.998
16,123.27,1764367142400,4525580.216
17,119.6,1764453542400,4790795.008
18,126.27,1764539942400,4090548.592
19,125.81,1764626342400,1229353.586
20,126.03,1764712742400,1812103.189
21,125.93,1764799142400,2667589.146
22,124.01,1764885542400,2440030.872
23,122.53,1764971942400,1605450.498
24,120.06,1765058342400,1818325.148
25,122.26,1765144742400,3326516.562
26,124.73,1765231142400,1357802.112
27,125.27,1765317542400,1828960.451
28,123.28,1765403942400,4307595.105
29,125.01,1765490342400,2480631.516
30,124.65,1765576742400,2941643.658
