,close,time,volume
0,0.07494,0,1612294324.2
1,0.07322,86400,1287534518.5
2,0.07312,172800,783037232.3
3,0.0707,259200,1129118661.6
4,0.06928,345600,1039780864.1
5,0.06308,432000,1452627239.7
6,0.06431,518400,1226144490.6
7,0.06259,604800,1083541914.8
8,0.06394,691200,991389626.2
9,0.06238,777600,920182764.9
10,0.05823,864000,1239891995.1
11,0.05991,950400,1076307124.6
12,0.0615,1036800,915244608.8
13,0.06013,1123200,1072890655.8
14,0.06181,1209600,940617959.7
15,0.06186,1296000,724223249.2
16,0.06009,1382400,892400970.8
17,0.06148,1468800,1328404692.8
18,0.0631,1555200,1199904239.0
19,0.06261,1641600,1187994943.2
20,0.07112,1728000,6294268623.8
21,0.06661,1814400,3203527503.6
22,0.06761,1900800,1477379914.2
23,0.06567,1987200,1101010255.8
24,0.06531,2073600,1341560314.3
25,0.0619,2160000,1114740594.2
26,0.06318,2246400,1001719735.6
27,0.06372,2332800,1000760430.4
28,0.06368,2419200,2815178038.8
29,0.06262,2505600,1817042212.8
0,0.07079,2592000,3438166744.2
1,0.06894,2678400,3245131312.8
2,0.07261,2764800,3492334219.7
3,0.08629,2851200,5498845727.2
4,0.07451,2937600,5525059352.4
5,0.08629,3024000,6171321353.6
6,0.08351,3110400,5138517562.5
7,0.08794,3196800,5046105564.6
8,0.07272,3283200,6627462667.4
9,0.07691,3369600,4991322416.4
10,0.07496,3456000,8370955647.8
11,0.06729,3542400,5395873532.9
12,0.07426,3628800,2808372373.1
13,0.07243,3715200,1635927756.8
14,0.0724,3801600,1402520002.1
15,0.06917,3888000,1292851047.4
16,0.07225,3974400,1150179105.8
17,0.071,4060800,1036749143.0
18,0.07357,4147200,1112323147.1
19,0.07124,4233600,1140316688.5
20,0.07404,4320000,778339094.4
21,0.07815,4406400,794508416.6
22,0.07616,4492800,1739029855.3
23,0.08064,4579200,2130235212.3
24,0.0847,4665600,1645020316.9
25,0.08223,4752000,2965533838.9
26,0.08083,4838400,2092463683.8
27,0.08118,4924800,915885334.4
28,0.08055,5011200,836187351.9
29,0.08325,5097600,1214901677.1
30,0.08441,5184000,1489663603.0
0,0.08356,5270400,3151794233.7
1,0.08432,5356800,1529250436.3
2,0.0811,5443200,1149189440.4
3,0.08043,5529600,1476276604.6
4,0.08151,5616000,674949351.8
5,0.08161,5702400,903182552.7
6,0.08186,5788800,1122439214.3
7,0.08062,5875200,822334791.2
8,0.08102,5961600,572935739.9
9,0.07893,6048000,806983631.2
10,0.0762,6134400,1042816900.9
11,0.07618,6220800,1553234434.2
12,0.06387,6307200,5877608440.4
13,0.05559,6393600,5413746170.8
14,0.06302,6480000,8499088551.4
15,0.05923,6566400,2764331231.6
16,0.05989,6652800,1779763012.8
17,0.06089,6739200,2550576099.0
18,0.06132,6825600,1926957261.5
19,0.06115,6912000,1159427437.7
20,0.0649,6998400,1389203721.2
21,0.0631,7084800,866297508.1
22,0.0638,7171200,753541050.1
23,0.06584,7257600,807600205.1
24,0.0648,7344000,511708770.7
25,0.06504,7430400,521220595.7
26,0.06703,7516800,1274750340.0
27,0.06591,7603200,1165858010.9
28,0.06492,7689600,753763109.1
29,0.06481,7776000,1017188583.2
0,0.06512,7862400,975193971.1
1,0.06475,7948800,414634750.8
2,0.06628,8035200,693832099.7
3,0.06733,8121600,703363294.0
4,0.06814,8208000,795637845.9
5,0.06755,8294400,580267106.1
6,0.06862,8380800,610737345.7
7,0.06902,8467200,669951091.7
8,0.0698,8553600,486037198.8
9,0.06763,8640000,469939685.9
10,0.06475,8726400,568957000.6
11,0.06461,8812800,547014780.9
12,0.06624,8899200,823561098.4
13,0.06679,8985600,658783694.8
14,0.06703,9072000,530211689.4
15,0.06895,9158400,568718459.3
16,0.06744,9244800,558371408.1
17,0.06882,9331200,998303770.5
18,0.06909,9417600,934246092.5
19,0.06753,9504000,887734876.8
20,0.06802,9590400,629048455.4
21,0.067,9676800,524885437.9
22,0.06698,9763200,496424646.5
23,0.06683,9849600,480814157.7
24,0.06369,9936000,704408826.0
25,0.06536,10022400,517984268.2
26,0.06866,10108800,644223625.2
27,0.06968,10195200,642289467.9
28,0.06924,10281600,746874612.7
29,0.06911,10368000,479669293.4
30,0.06886,10454400,398302453.2
0,0.06986,10540800,506680777.8
1,0.06831,10627200,623410856.0
2,0.06783,10713600,412032897.7
3,0.06891,10800000,400341885.3
4,0.06989,10886400,342082025.5
5,0.06947,10972800,229537996.8
6,0.06962,11059200,206163350.7
7,0.0701,11145600,301346544.6
8,0.0684,11232000,389062874.8
9,0.07038,11318400,378688492.3
10,0.07034,11404800,416136389.7
11,0.07045,11491200,337205209.3
12,0.06997,11577600,409964108.8
13,0.07036,11664000,538628169.1
14,0.06886,11750400,492756055.7
15,0.06974,11836800,409752507.5
16,0.06832,11923200,484392364.2
17,0.06741,12009600,388691124.6
18,0.06407,12096000,622291396.3
19,0.06579,12182400,343576922.9
20,0.0659,12268800,332901409.4
21,0.06562,12355200,344720309.0
22,0.06631,12441600,568052615.9
23,0.06482,12528000,430979027.1
24,0.06549,12614400,288444941.0
25,0.06158,12700800,633006943.3
26,0.0629,12787200,390528611.8
27,0.06141,12873600,272640312.7
28,0.06337,12960000,422113725.4
29,0.06472,13046400,1006040327.0
30,0.06339,13132800,451024618.4
0,0.06328,13219200,401843104.8
1,0.06261,13305600,336205203.2
2,0.0631,13392000,198112913.7
3,0.06351,13478400,245914086.8
4,0.06295,13564800,348343322.9
5,0.06069,13651200,586109066.4
6,0.06181,13737600,391659273.9
7,0.06126,13824000,579399652.8
8,0.06343,13910400,509652927.3
9,0.06474,13996800,395937434.2
10,0.06419,14083200,321862950.8
11,0.06386,14169600,469772379.4
12,0.06068,14256000,524228995.1
13,0.06162,14342400,389035440.4
14,0.06131,14428800,450527660.9
15,0.06132,14515200,392838979.8
16,0.06228,14601600,239542045.4
17,0.06077,14688000,331822418.6
18,0.06028,14774400,539171813.8
19,0.05978,14860800,386561264.0
20,0.05905,14947200,634745425.3
21,0.06022,15033600,435582269.2
22,0.06042,15120000,464158728.7
23,0.05985,15206400,321450578.7
24,0.0597,15292800,223218034.1
25,0.05959,15379200,437831450.2
26,0.05938,15465600,452566236.8
27,0.05954,15552000,452809451.6
28,0.06099,15638400,601368431.2
29,0.06101,15724800,553775593.3
0,0.06049,15811200,325623658.6
1,0.06093,15897600,463552146.7
2,0.06137,15984000,338614348.3
3,0.06236,16070400,383924358.5
4,0.06245,16156800,327933984.5
5,0.06277,16243200,504883994.2
6,0.06251,16329600,364471605.7
7,0.06205,16416000,270001172.3
8,0.06236,16502400,195710016.6
9,0.06274,16588800,973167269.7
10,0.06166,16675200,464514713.0
11,0.06173,16761600,730297470.7
12,0.061,16848000,655013251.9
13,0.06393,16934400,1068400665.0
14,0.06174,17020800,624671454.1
15,0.06187,17107200,288038112.6
16,0.06265,17193600,411803644.2
17,0.06218,17280000,409579566.5
18,0.06174,17366400,546121779.6
19,0.06215,17452800,333456485.7
20,0.06167,17539200,404447658.9
21,0.06158,17625600,198786729.9
22,0.06188,17712000,258985647.2
23,0.06131,17798400,283859858.1
24,0.06235,17884800,364269847.7
25,0.06341,17971200,415716374.7
26,0.06296,18057600,420262748.8
27,0.06356,18144000,350381030.0
28,0.06428,18230400,417193381.4
29,0.0631,18316800,341948973.1
30,0.06325,18403200,398754601.8
0,0.06277,18489600,283338008.0
1,0.06157,18576000,409204772.4
2,0.06171,18662400,368121338.0
3,0.06381,18748800,400713133.3
4,0.06363,18835200,406467215.7
5,0.06268,18921600,428331289.8
6,0.06227,19008000,357692407.7
7,0.05872,19094400,1071364757.1
8,0.05338,19180800,2543130191.6
9,0.05782,19267200,2604725039.7
10,0.05601,19353600,855960087.9
11,0.05502,19440000,597286635.6
12,0.05084,19526400,1059080379.5
13,0.05015,19612800,2243457866.0
14,0.05074,19699200,833847816.7
15,0.05016,19785600,701005014.8
16,0.05006,19872000,573955689.6
17,0.05068,19958400,413722957.4
18,0.05215,20044800,537007802.7
19,0.05008,20131200,402312888.6
20,0.05155,20217600,825853713.3
21,0.05072,20304000,1079952686.9
22,0.0518,20390400,605171598.2
23,0.05283,20476800,833313962.7
24,0.05297,20563200,579717995.6
25,0.05279,20649600,331056806.8
26,0.05327,20736000,391460597.5
27,0.05299,20822400,599255628.0
28,0.05326,20908800,543400459.3
29,0.05461,20995200,475740697.0
0,0.05415,21081600,377671522.2
1,0.05445,21168000,333396933.9
2,0.05358,21254400,254491096.4
3,0.05309,21340800,333808154.4
4,0.05334,21427200,461673730.2
5,0.05364,21513600,414066655.4
6,0.05312,21600000,418564355.8
7,0.05448,21686400,339254769.6
8,0.05464,21772800,296901516.9
9,0.05483,21859200,283292804.9
10,0.05397,21945600,184738005.9
11,0.05352,22032000,581776768.1
12,0.0545,22118400,526702183.4
13,0.05558,22204800,614317337.1
14,0.05577,22291200,364300889.5
15,0.05292,22377600,497410130.8
16,0.05486,22464000,486555972.1
17,0.05378,22550400,435758357.3
18,0.05356,22636800,379994366.7
19,0.05497,22723200,319963703.9
20,0.05492,22809600,262660122.5
21,0.05554,22896000,315244980.0
22,0.05423,22982400,331097929.1
23,0.05473,23068800,183151893.1
24,0.05481,23155200,197163164.5
25,0.05459,23241600,204154209.2
26,0.05415,23328000,280727773.5
27,0.05416,23414400,338437595.6
28,0.05402,23500800,323334601.3
29,0.05439,23587200,311871869.4
30,0.0545,23673600,231745472.9
0,0.05481,23760000,152553686.3
1,0.05517,23846400,243517218.6
2,0.05483,23932800,227134483.9
3,0.05477,24019200,361708395.6
4,0.05374,24105600,349175411.0
5,0.05249,24192000,1857386226.4
6,0.05201,24278400,466380581.1
7,0.05439,24364800,456781030.0
8,0.05461,24451200,768112568.7
9,0.05486,24537600,376972656.0
10,0.05652,24624000,465160077.6
11,0.0571,24710400,461227616.4
12,0.0601,24796800,513319061.8
13,0.06177,24883200,955878863.6
14,0.06231,24969600,444071498.0
15,0.06242,25056000,446620860.0
16,0.06168,25142400,354772816.2
17,0.05891,25228800,484324857.3
18,0.06009,25315200,237749291.7
19,0.06272,25401600,313993785.2
20,0.06172,25488000,460805293.5
21,0.06166,25574400,335713059.0
22,0.06273,25660800,371567440.9
23,0.06019,25747200,397334702.1
24,0.0618,25833600,382511980.6
25,0.06172,25920000,301912384.4
26,0.06366,26006400,584952205.8
27,0.06312,26092800,404769790.0
28,0.06378,26179200,515390790.3
29,0.06227,26265600,587325347.8
30,0.06218,26352000,437819315.5
0,0.06312,26438400,472530071.8
1,0.06383,26524800,527353223.9
2,0.06416,26611200,424046097.2
3,0.06384,26697600,318043820.4
4,0.06411,26784000,478586114.0
5,0.06316,26870400,369675912.9
6,0.06577,26956800,548499730.3
7,0.06695,27043200,812300677.8
8,0.06265,27129600,612597365.6
9,0.06329,27216000,375487924.1
10,0.06372,27302400,273887254.2
11,0.06388,27388800,296254920.9
12,0.0656,27475200,521881656.8
13,0.06675,27561600,490684977.5
14,0.07085,27648000,610300473.2
15,0.06683,27734400,715526309.8
16,0.07031,27820800,652999826.6
17,0.07014,27907200,335851627.5
18,0.07038,27993600,336608467.0
19,0.07197,28080000,686811748.1
20,0.06948,28166400,539743959.3
21,0.06944,28252800,409930003.2
22,0.06955,28339200,307030880.5
23,0.06787,28425600,315340449.4
24,0.06785,28512000,321000313.8
25,0.06951,28598400,238846426.5
26,0.06943,28684800,306006769.8
27,0.06905,28771200,286435342.6
0,0.06984,28857600,286594747.9
1,0.06972,28944000,282970788.9
2,0.06715,29030400,458545046.6
3,0.0667,29116800,259187368.6
4,0.06725,29203200,205116520.3
5,0.06739,29289600,254437077.7
6,0.06629,29376000,348625605.9
7,0.06532,29462400,301604979.9
8,0.05863,29548800,881764394.0
9,0.05736,29635200,1216855516.6
10,0.05877,29721600,820817065.1
11,0.06458,29808000,671783317.3
12,0.06694,29894400,1291763220.0
13,0.06695,29980800,864557657.3
14,0.06517,30067200,586650151.9
15,0.06512,30153600,512317749.0
16,0.06763,30240000,521037844.5
17,0.06579,30326400,471580884.2
18,0.0665,30412800,362377827.5
19,0.06503,30499200,418071361.5
20,0.067,30585600,453319260.1
21,0.05978,30672000,1512271598.9
22,0.0652,30758400,1203808548.0
23,0.06341,30844800,516801369.8
24,0.06368,30931200,346286886.3
25,0.06412,31017600,311099791.4
26,0.06355,31104000,398421130.7
27,0.06418,31190400,391472532.5
28,0.06433,31276800,431694513.4
29,0.06481,31363200,459993783.8
30,0.06553,31449600,373949586.7
0,0.06648,31536000,388654889.6
1,0.06518,31622400,294849756.7
2,0.06574,31708800,366405511.1
3,0.06573,31795200,406274512.6
4,0.06616,31881600,314630236.2
5,0.06608,31968000,368383747.3
6,0.06603,32054400,241329669.7
7,0.06613,32140800,210729846.0
8,0.06662,32227200,206872397.6
9,0.0673,32313600,302672189.7
10,0.06632,32400000,598983632.2
11,0.06514,32486400,727566962.3
12,0.06523,32572800,397134981.2
13,0.06619,32659200,386486395.7
14,0.06588,32745600,202150727.5
15,0.06655,32832000,167394724.2
16,0.06574,32918400,278391807.1
17,0.06681,33004800,238435947.2
18,0.06563,33091200,435332863.8
19,0.06542,33177600,434503927.0
20,0.06497,33264000,333594081.9
21,0.0661,33350400,285759015.3
22,0.06671,33436800,277152999.6
23,0.0661,33523200,284143889.6
24,0.06584,33609600,257591736.3
25,0.06507,33696000,441224356.0
26,0.06576,33782400,263154774.4
27,0.06667,33868800,228818642.1
28,0.068,33955200,254415874.7
29,0.06713,34041600,274678310.5
0,0.06851,34128000,479686749.5
1,0.06922,34214400,373485527.1
2,0.06927,34300800,424214521.2
3,0.0694,34387200,268720604.0
4,0.07092,34473600,335666025.6
5,0.07025,34560000,254637459.3
6,0.0692,34646400,226068366.8
7,0.0685,34732800,334753392.2
8,0.06906,34819200,258116898.0
9,0.06933,34905600,330383869.8
10,0.06771,34992000,342686896.6
11,0.06908,35078400,332990168.3
12,0.06934,35164800,186703997.0
13,0.06939,35251200,195675948.4
14,0.07026,35337600,197648341.4
15,0.07055,35424000,261533972.0
16,0.07121,35510400,263330292.0
17,0.07016,35596800,291384687.7
18,0.07067,35683200,161588851.9
19,0.07257,35769600,395843338.5
20,0.07501,35856000,589690608.6
21,0.078,35942400,713363070.7
22,0.07848,36028800,341070645.6
23,0.07686,36115200,370900504.1
24,0.07677,36201600,366016346.1
25,0.07538,36288000,320555437.6
26,0.07716,36374400,210344908.2
27,0.07742,36460800,222996572.9
28,0.0761,36547200,248213528.4
29,0.07635,36633600,273191742.1
30,0.07522,36720000,294376329.1
0,0.07477,36806400,237245899.8
1,0.08266,36892800,490239504.5
2,0.08177,36979200,729779995.2
3,0.08138,37065600,350374316.3
4,0.07832,37152000,374194492.6
5,0.07821,37238400,335856633.4
6,0.07675,37324800,324118740.8
7,0.07741,37411200,203474842.3
8,0.072,37497600,594691772.7
9,0.06961,37584000,774542442.5
10,0.07025,37670400,227151003.1
11,0.07115,37756800,203489669.6
12,0.07192,37843200,243476616.7
13,0.071,37929600,222279854.4
14,0.07098,38016000,312690513.4
15,0.07053,38102400,273208931.9
16,0.07164,38188800,174427878.9
17,0.07016,38275200,220553422.5
18,0.06999,38361600,203923177.5
19,0.07057,38448000,350094068.5
20,0.07233,38534400,384322992.8
21,0.07226,38620800,280190767.7
22,0.07315,38707200,241591850.1
23,0.0722,38793600,212332547.1
24,0.07313,38880000,183222614.1
25,0.07383,38966400,242430152.9
26,0.07432,39052800,181963857.8
27,0.07375,39139200,191900768.3
28,0.07445,39225600,183042989.8
29,0.0762,39312000,324573994.4
0,0.07726,39398400,198269712.4
1,0.07603,39484800,191549237.6
2,0.07731,39571200,181572194.7
3,0.07703,39657600,212761283.6
4,0.07707,39744000,215055002.9
5,0.07711,39830400,211754465.3
6,0.07882,39916800,222173981.4
7,0.08007,40003200,193753636.3
8,0.07748,40089600,234744269.0
9,0.07754,40176000,235765842.1
10,0.07734,40262400,159958777.9
11,0.07784,40348800,156466463.7
12,0.08171,40435200,358788432.3
13,0.07988,40521600,342257687.9
14,0.08082,40608000,241065446.9
15,0.0798,40694400,221617203.5
16,0.07997,40780800,218003891.3
17,0.07978,40867200,204794622.8
18,0.08031,40953600,191785199.2
19,0.08073,41040000,184577146.7
20,0.08043,41126400,168301683.2
21,0.0839,41212800,1231703906.7
22,0.08337,41299200,321617092.0
23,0.08148,41385600,287738891.3
24,0.0819,41472000,309136040.7
25,0.08242,41558400,345825898.7
26,0.08265,41644800,289287999.5
27,0.08506,41731200,295125956.8
28,0.08322,41817600,212901342.1
29,0.07999,41904000,344935578.4
30,0.07792,41990400,394244579.0
0,0.07866,42076800,282518952.7
1,0.07632,42163200,247389565.9
2,0.07714,42249600,166728883.5
3,0.07679,42336000,192587661.9
4,0.07754,42422400,244284284.1
5,0.07699,42508800,147875027.2
6,0.07685,42595200,200249899.7
7,0.07677,42681600,225746151.8
8,0.07674,42768000,201858817.4
9,0.07734,42854400,169185963.2
10,0.07723,42940800,138626355.6
11,0.07751,43027200,100744167.3
12,0.07711,43113600,142668667.3
13,0.07748,43200000,189114995.2
14,0.07634,43286400,221555617.0
15,0.07465,43372800,312600481.1
16,0.07265,43459200,439731120.6
17,0.07297,43545600,247496226.9
18,0.07408,43632000,141162546.4
19,0.07591,43718400,178308944.0
20,0.0751,43804800,248123571.7
21,0.07548,43891200,226218059.2
22,0.0776,43977600,255047036.7
23,0.07664,44064000,204449731.6
24,0.07724,44150400,238107099.0
25,0.07745,44236800,133554128.0
26,0.07755,44323200,130177713.9
27,0.07634,44409600,200026578.6
28,0.07732,44496000,270021767.6
29,0.07562,44582400,227391791.0
30,0.07673,44668800,257474997.2
0,0.07608,44755200,263279151.4
1,0.07702,44841600,131712755.7
2,0.07703,44928000,103627438.3
3,0.07751,45014400,178279220.6
4,0.07746,45100800,177853521.3
5,0.07893,45187200,313889307.2
6,0.07917,45273600,199386172.6
7,0.07915,45360000,155891634.4
8,0.07917,45446400,101872503.8
9,0.0783,45532800,162139433.3
10,0.07755,45619200,240632217.9
11,0.08075,45705600,444342890.9
12,0.08123,45792000,264045845.5
13,0.08377,45878400,271297847.3
14,0.08405,45964800,285338178.4
15,0.08352,46051200,197155608.6
16,0.08334,46137600,169544506.6
17,0.08388,46224000,236033220.3
18,0.08455,46310400,198108165.7
19,0.08444,46396800,182738177.6
20,0.08301,46483200,228008891.0
21,0.08334,46569600,208088379.7
22,0.08362,46656000,132562611.0
23,0.0836,46742400,138117429.6
24,0.08466,46828800,170998932.6
25,0.08471,46915200,174453952.1
26,0.0855,47001600,218966939.6
27,0.08675,47088000,240305289.5
28,0.08912,47174400,316659355.3
29,0.0886,47260800,140449969.7
0,0.09011,47347200,189188592.8
1,0.08744,47433600,256053091.3
2,0.09071,47520000,302880975.1
3,0.08891,47606400,253414811.6
4,0.08824,47692800,187948620.0
5,0.08719,47779200,321096647.4
6,0.08808,47865600,167014012.6
7,0.08802,47952000,107761906.9
8,0.08613,48038400,219076421.2
9,0.08622,48124800,159710691.7
10,0.08603,48211200,223636400.3
11,0.08481,48297600,190439808.0
12,0.08549,48384000,156259785.3
13,0.08501,48470400,134151490.6
14,0.08667,48556800,142600506.0
15,0.08885,48643200,334163970.0
16,0.08854,48729600,217078981.3
17,0.08915,48816000,244115917.3
18,0.08999,48902400,238261285.1
19,0.09074,48988800,309801960.8
20,0.0916,49075200,232498688.0
21,0.09031,49161600,244504917.2
22,0.09219,49248000,402839438.9
23,0.09236,49334400,418182035.2
24,0.09351,49420800,288637322.5
25,0.09285,49507200,314050747.8
26,0.09353,49593600,250891343.5
27,0.09433,49680000,210964012.0
28,0.09489,49766400,168139361.3
29,0.09558,49852800,234502894.9
30,0.09715,49939200,313153368.1
0,0.10014,50025600,475215219.1
1,0.09922,50112000,287312700.5
2,0.09722,50198400,270194505.6
3,0.09765,50284800,197939124.7
4,0.09808,50371200,184215194.0
5,0.09765,50457600,279350030.2
6,0.09658,50544000,215089128.7
7,0.09833,50630400,208267416.7
8,0.09889,50716800,426408767.2
9,0.10622,50803200,847913165.8
10,0.108,50889600,299848101.5
11,0.10851,50976000,225421599.5
12,0.10688,51062400,350678153.7
13,0.10222,51148800,423142578.1
14,0.10406,51235200,368833429.3
15,0.10233,51321600,300643160.9
16,0.10371,51408000,236863418.9
17,0.1029,51494400,204342179.3
18,0.10349,51580800,184696788.5
19,0.10096,51667200,292782789.3
20,0.09612,51753600,474621946.3
21,0.10115,51840000,523906300.7
22,0.10208,51926400,184085250.9
23,0.10455,52012800,374828289.4
24,0.10895,52099200,362513612.2
25,0.10778,52185600,247591284.6
26,0.10193,52272000,387030776.9
27,0.10295,52358400,434013130.1
28,0.10343,52444800,271374930.4
29,0.10347,52531200,242667070.4
0,0.10306,52617600,234344096.0
1,0.10317,52704000,194410208.0
2,0.10308,52790400,207105097.3
3,0.10384,52876800,412887641.5
4,0.10356,52963200,270782203.2
5,0.10476,53049600,451225908.1
6,0.10416,53136000,268732795.7
7,0.10663,53222400,392606990.5
8,0.10664,53308800,345968540.4
9,0.10784,53395200,244339401.4
10,0.10383,53481600,432117090.6
11,0.10359,53568000,272188493.5
12,0.1043,53654400,287292993.5
13,0.106,53740800,261545278.2
14,0.10156,53827200,298311454.1
15,0.10282,53913600,235922028.9
16,0.10203,54000000,199693519.2
17,0.1009,54086400,417647096.2
18,0.1006,54172800,228404875.7
19,0.10273,54259200,228268521.5
20,0.10463,54345600,228759932.8
21,0.10508,54432000,235469453.7
22,0.10676,54518400,238188196.9
23,0.1062,54604800,288291905.4
24,0.10586,54691200,372605945.5
25,0.10305,54777600,434138526.2
26,0.10534,54864000,251042078.9
27,0.10545,54950400,317361023.9
28,0.1056,55036800,313739596.0
29,0.10595,55123200,232397263.8
30,0.10764,55209600,285832127.2
0,0.10772,55296000,219601099.4
1,0.10834,55382400,369857145.1
2,0.10675,55468800,653375226.0
3,0.10696,55555200,365657572.7
4,0.10438,55641600,361639139.0
5,0.10387,55728000,260125323.2
6,0.1028,55814400,188093257.6
7,0.1042,55900800,380877511.5
8,0.10277,55987200,356089853.7
9,0.10524,56073600,373902317.1
10,0.10619,56160000,437379148.6
11,0.10684,56246400,437300612.6
12,0.11424,56332800,1079283467.4
13,0.11121,56419200,525359325.3
14,0.10865,56505600,531867682.7
15,0.10807,56592000,378913601.5
16,0.10838,56678400,245058284.5
17,0.10813,56764800,349816292.3
18,0.1105,56851200,382116292.7
19,0.11006,56937600,184816070.9
20,0.10895,57024000,215015565.2
21,0.10931,57110400,336477095.4
22,0.10722,57196800,415753759.6
23,0.10882,57283200,250668079.7
24,0.11212,57369600,340826192.5
25,0.11448,57456000,340850647.7
26,0.11244,57542400,292465245.8
27,0.11224,57628800,229673016.0
28,0.11304,57715200,336801916.5
29,0.11206,57801600,241375822.1
30,0.11226,57888000,419797429.1
0,0.11564,57974400,341991970.2
1,0.11629,58060800,326960993.2
2,0.11724,58147200,142770335.5
3,0.11843,58233600,213808002.2
4,0.11898,58320000,329393234.3
5,0.12101,58406400,402044182.1
6,0.1236,58492800,325276841.6
7,0.12189,58579200,369759375.6
8,0.1237,58665600,277635906.0
9,0.12436,58752000,149573643.7
10,0.12422,58838400,138509507.9
11,0.125,58924800,292882064.6
12,0.12687,59011200,266639994.9
13,0.12956,59097600,322212301.9
14,0.13104,59184000,432251573.1
15,0.13282,59270400,300961759.9
16,0.1359,59356800,615517929.2
17,0.13518,59443200,224842814.6
18,0.13636,59529600,278248870.6
19,0.13921,59616000,458113781.3
20,0.13971,59702400,497754517.3
21,0.13901,59788800,315839996.2
22,0.13817,59875200,256733404.7
23,0.13742,59961600,177217552.0
24,0.13765,60048000,143147950.5
25,0.13983,60134400,279551897.7
26,0.14288,60220800,426070344.2
27,0.14214,60307200,544490296.9
28,0.14049,60393600,429917334.7
0,0.14148,60480000,270352291.6
1,0.1412,60566400,257159307.9
2,0.14065,60652800,272081574.7
3,0.14026,60739200,456279680.2
4,0.13585,60825600,751853598.3
5,0.13775,60912000,502759707.8
6,0.13709,60998400,336108039.7
7,0.13662,61084800,317237217.8
8,0.13579,61171200,269618005.8
9,0.13377,61257600,246748453.1
10,0.13372,61344000,491093365.1
11,0.13142,61430400,468884376.0
12,0.13194,61516800,370620030.5
13,0.12913,61603200,540373565.5
14,0.12633,61689600,695492415.1
15,0.12527,61776000,382016537.8
16,0.12624,61862400,337572884.6
17,0.12408,61948800,380024097.2
18,0.11244,62035200,841615892.6
19,0.12071,62121600,650586212.3
20,0.12115,62208000,436392683.5
21,0.11737,62294400,402203610.0
22,0.11823,62380800,292979843.3
23,0.12014,62467200,274235100.7
24,0.12043,62553600,442118315.1
25,0.12079,62640000,393306852.6
26,0.11933,62726400,393722158.2
27,0.12044,62812800,250748769.6
28,0.11989,62899200,291588659.8
29,0.12256,62985600,261629662.9
30,0.12296,63072000,195990091.8
0,0.12051,63158400,374906211.5
1,0.11662,63244800,497703758.9
2,0.11712,63331200,434800666.5
3,0.11915,63417600,347105378.4
4,0.1179,63504000,321322582.2
5,0.11959,63590400,196481045.1
6,0.12056,63676800,165324153.9
7,0.12303,63763200,327134475.3
8,0.12109,63849600,345949848.7
9,0.1191,63936000,544588208.2
10,0.1203,64022400,312712286.0
11,0.1148,64108800,794872728.6
12,0.11006,64195200,848765534.7
13,0.11243,64281600,636270065.5
14,0.11146,64368000,807034829.2
15,0.1118,64454400,650579115.4
16,0.10971,64540800,483427986.3
17,0.10925,64627200,463301288.8
18,0.10989,64713600,642998621.1
19,0.11105,64800000,336692035.9
20,0.11132,64886400,206116531.7
21,0.11223,64972800,325386290.1
22,0.11322,65059200,303557229.8
23,0.11329,65145600,371820986.9
24,0.11722,65232000,438421753.3
25,0.12014,65318400,422599435.2
26,0.11975,65404800,340706688.6
27,0.12124,65491200,248969303.9
28,0.11901,65577600,368356688.5
29,0.11956,65664000,687949491.4
0,0.12045,65750400,607000290.0
1,0.12226,65836800,402525946.6
2,0.1227,65923200,267389136.6
3,0.12226,66009600,208909065.8
4,0.12107,66096000,194252496.2
5,0.11864,66182400,332605073.7
6,0.12051,66268800,325330205.0
7,0.12293,66355200,473851497.3
8,0.1262,66441600,435767372.9
9,0.12741,66528000,393031904.4
10,0.12638,66614400,189065806.6
11,0.12738,66700800,122535117.0
12,0.12561,66787200,265134967.9
13,0.12546,66873600,198863514.6
14,0.12633,66960000,180402338.1
15,0.125,67046400,306505678.5
16,0.12434,67132800,236159593.4
17,0.12299,67219200,167537381.9
18,0.12117,67305600,193241530.9
19,0.12442,67392000,281818651.6
20,0.12361,67478400,288558071.5
21,0.12007,67564800,251886546.2
22,0.11532,67651200,365698716.0
23,0.11547,67737600,323669789.1
24,0.11378,67824000,277629797.1
25,0.11311,67910400,176476714.0
26,0.1125,67996800,359209797.7
27,0.11118,68083200,328778506.6
28,0.1121,68169600,256588322.2
29,0.11198,68256000,235323559.1
30,0.11213,68342400,252867056.0
0,0.11262,68428800,165186405.3
1,0.11477,68515200,221077821.5
2,0.11338,68601600,268620881.3
3,0.11446,68688000,219237298.4
4,0.11459,68774400,186205840.0
5,0.11479,68860800,208306481.6
6,0.11268,68947200,394042916.9
7,0.11479,69033600,348363545.0
8,0.11688,69120000,269431498.5
9,0.11763,69206400,298271815.2
10,0.11658,69292800,372905066.0
11,0.11649,69379200,419289314.0
12,0.11696,69465600,268555460.1
13,0.1165,69552000,322864739.2
14,0.1153,69638400,146272466.9
15,0.1173,69724800,178700645.4
16,0.11678,69811200,364998698.3
17,0.11544,69897600,388602023.7
18,0.11582,69984000,253885288.7
19,0.11679,70070400,193653904.4
20,0.11835,70156800,293348609.2
21,0.11966,70243200,176265342.2
22,0.11924,70329600,148497951.4
23,0.11909,70416000,331140116.7
24,0.12189,70502400,233319740.6
25,0.12268,70588800,304171429.4
26,0.12201,70675200,197168718.7
27,0.12321,70761600,198664767.9
28,0.12553,70848000,229372118.8
29,0.1247,70934400,150090620.9
0,0.12781,71020800,231139017.5
1,0.12923,71107200,178693333.6
2,0.1287,71193600,297969097.1
3,0.1272,71280000,423820902.3
4,0.12684,71366400,857699710.6
5,0.12991,71452800,265243306.7
6,0.12466,71539200,332256993.0
7,0.12612,71625600,421581686.4
8,0.12996,71712000,253267933.8
9,0.13147,71798400,211471489.9
10,0.13435,71884800,321622059.9
11,0.13727,71971200,245248963.9
12,0.13946,72057600,358179579.8
13,0.13761,72144000,212378762.4
14,0.1373,72230400,257606928.1
15,0.13402,72316800,372905934.9
16,0.13358,72403200,203733503.4
17,0.13449,72489600,177394565.4
18,0.13466,72576000,216686704.1
19,0.13468,72662400,142800377.4
20,0.13431,72748800,130955807.2
21,0.1324,72835200,327431074.9
22,0.134,72921600,208780970.2
23,0.1343,73008000,163985425.4
24,0.1356,73094400,220592447.9
25,0.1375,73180800,152403339.7
26,0.1372,73267200,122695299.7
27,0.1386,73353600,147742665.0
28,0.1375,73440000,332448636.5
29,0.133,73526400,212250651.4
30,0.1287,73612800,260191158.8
0,0.1283,73699200,279093902.1
1,0.1236,73785600,322541795.8
2,0.1255,73872000,280830108.1
3,0.1264,73958400,396122659.6
4,0.1215,74044800,1108845064.2
5,0.1234,74131200,337549120.0
6,0.1247,74217600,269352553.2
7,0.127,74304000,219561658.5
8,0.1283,74390400,208923620.3
9,0.1291,74476800,176773749.3
10,0.1277,74563200,137025682.3
11,0.1267,74649600,236924238.0
12,0.1287,74736000,207970557.4
13,0.1304,74822400,297311104.5
14,0.1302,74908800,282043999.4
15,0.1341,74995200,377074980.5
16,0.1349,75081600,314171411.2
17,0.1351,75168000,213436951.9
18,0.1432,75254400,791856905.5
19,0.1613,75340800,1634114803.3
20,0.1539,75427200,1797050558.8
21,0.1554,75513600,1446099168.6
22,0.1583,75600000,742853837.2
23,0.1589,75686400,778202375.0
24,0.1664,75772800,1060267261.5
25,0.1616,75859200,919890819.7
26,0.1579,75945600,751242899.9
27,0.1583,76032000,515806523.9
28,0.1599,76118400,392382090.6
29,0.16,76204800,414874575.2
30,0.1577,76291200,326263679.2
0,0.1556,76377600,303613825.4
1,0.1542,76464000,316055134.5
2,0.1503,76550400,339700635.7
3,0.15,76636800,465789486.6
4,0.1498,76723200,276912305.3
5,0.1478,76809600,338578886.8
6,0.1515,76896000,264390363.0
7,0.1532,76982400,303861845.3
8,0.1546,77068800,295736960.0
9,0.1531,77155200,258345122.2
10,0.1534,77241600,257574213.4
11,0.152,77328000,301552029.8
12,0.149,77414400,322624966.1
13,0.1475,77500800,246052654.7
14,0.149,77587200,241939535.5
15,0.1489,77673600,276967820.3
16,0.15,77760000,221301382.2
17,0.1496,77846400,206401228.8
18,0.1515,77932800,234665747.8
19,0.152,78019200,216494909.6
20,0.152,78105600,112061644.0
21,0.1517,78192000,151891753.8
22,0.1523,78278400,214722726.7
23,0.1513,78364800,197342867.5
24,0.15,78451200,158238938.6
25,0.1532,78537600,215462825.7
26,0.1552,78624000,288782683.9
27,0.1551,78710400,165948775.6
28,0.1565,78796800,216488549.0
29,0.156,78883200,297705689.9
0,0.1536,78969600,434120472.3
1,0.1544,79056000,319327205.6
2,0.1577,79142400,382298171.6
3,0.1565,79228800,217591787.3
4,0.1535,79315200,139145385.0
5,0.1543,79401600,122124446.4
6,0.1559,79488000,223072342.1
7,0.16,79574400,302409795.8
8,0.1605,79660800,252248081.5
9,0.1588,79747200,218535782.2
10,0.1598,79833600,228010961.2
11,0.1625,79920000,241915075.9
12,0.1626,80006400,165020863.6
13,0.1606,80092800,331255046.3
14,0.1588,80179200,280872310.2
15,0.1601,80265600,217182869.9
16,0.1594,80352000,165894122.2
17,0.1585,80438400,146659851.8
18,0.1567,80524800,141928060.1
19,0.1567,80611200,122631882.8
20,0.1584,80697600,189835792.5
21,0.1603,80784000,194897691.2
22,0.1603,80870400,177777912.8
23,0.1646,80956800,257406002.0
24,0.1626,81043200,450832720.5
25,0.1652,81129600,202995536.9
26,0.164,81216000,179101603.9
27,0.1642,81302400,180366165.5
28,0.1663,81388800,267732576.1
29,0.1692,81475200,248155787.3
30,0.1684,81561600,252651022.9
0,0.1674,81648000,248176490.2
1,0.1661,81734400,121434723.9
2,0.1651,81820800,194590530.4
3,0.1629,81907200,224966798.4
4,0.1602,81993600,271539938.6
5,0.1625,82080000,396319649.9
6,0.1601,82166400,324383678.9
7,0.1609,82252800,174918892.2
8,0.1621,82339200,165105279.4
9,0.1639,82425600,550200330.3
10,0.1677,82512000,483858186.3
11,0.1873,82598400,1466622893.3
12,0.177,82684800,929013772.1
13,0.1765,82771200,646739372.2
14,0.1912,82857600,751380021.8
15,0.2002,82944000,708247635.4
16,0.1993,83030400,500015285.7
17,0.2022,83116800,571154143.8
18,0.1995,83203200,464449963.0
19,0.1947,83289600,434644605.2
20,0.1985,83376000,542609747.0
21,0.2048,83462400,535332480.0
22,0.212,83548800,980876987.1
23,0.2085,83635200,978570183.4
24,0.1959,83721600,943941765.9
25,0.1944,83808000,1017550585.0
26,0.2011,83894400,467630974.9
27,0.2032,83980800,480948975.3
28,0.2044,84067200,324609154.9
29,0.2049,84153600,282006999.4
0,0.2072,84240000,370266639.8
1,0.221,84326400,1424482191.4
2,0.4334,84412800,4732014524.0
3,0.3306,84499200,3828136714.5
4,0.3223,84585600,3656859531.9
5,0.3255,84672000,1260840817.7
6,0.3188,84758400,868345705.6
7,0.3183,84844800,621733645.0
8,0.2629,84931200,1415367012.4
9,0.2694,85017600,1675153969.8
10,0.2822,85104000,1104280325.8
11,0.2969,85190400,1877602527.4
12,0.2906,85276800,940730224.2
13,0.2823,85363200,651039063.6
14,0.2856,85449600,435129500.3
15,0.2967,85536000,1205130419.0
16,0.2796,85622400,1146496929.6
17,0.2581,85708800,1268023421.1
18,0.2513,85795200,1621813658.3
19,0.2486,85881600,1636404154.9
20,0.2449,85968000,989501401.4
21,0.2442,86054400,811230701.1
22,0.2526,86140800,923669106.1
23,0.2564,86227200,568318054.9
24,0.258,86313600,456716424.3
25,0.2537,86400000,668240097.0
26,0.2594,86486400,955786945.4
27,0.2584,86572800,390392505.7
28,0.2578,86659200,527259608.0
29,0.2534,86745600,663946586.2
30,0.2548,86832000,391393542.7
0,0.2559,1734127142400,268408400.3
1,0.2651,1734213542400,617526303.3
2,0.2702,1734299942400,588287542.1
3,0.2697,1734386342400,563102580.0
4,0.2627,1734472742400,333256337.2
5,0.2684,1734559142400,581834517.3
6,0.2526,1734645542400,881729814.0
7,0.2505,1734731942400,981346657.5
8,0.2402,1734818342400,901722070.2
9,0.2445,1734904742400,639323274.7
10,0.241,1734991142400,276639811.4
11,0.2336,1735077542400,308070648.5
12,0.2228,1735163942400,1236124866.4
13,0.2209,1735250342400,573522825.5
14,0.2381,1735336742400,792281786.0
15,0.2371,1735423142400,921797186.1
16,0.2487,1735509542400,580095423.4
17,0.2423,1735595942400,1481529447.8
18,0.2287,1735682342400,1795950772.8
19,0.2383,1735768742400,2228099942.8
20,0.2448,1735855142400,942490387.1
21,0.2536,1735941542400,1006533722.4
22,0.2527,1736027942400,1142042436.6
23,0.2543,1736114342400,655147889.1
24,0.2534,1736200742400,330743038.8
25,0.2462,1736287142400,325529291.5
26,0.2465,1736373542400,1061082190.6
27,0.2399,1736459942400,418467012.3
28,0.2402,1736546342400,521111805.6
29,0.2519,1736632742400,417793899.3
30,0.2537,1736719142400,490151929.6
0,0.2443,1736805542400,490599337.5
1,0.2255,1736891942400,1433907279.6
2,0.2287,1736978342400,2397281604.0
3,0.2245,1737064742400,1490383668.7
4,0.2225,1737151142400,603131773.3
5,0.2316,1737237542400,782522071.8
6,0.23,1737323942400,644163872.8
7,0.2313,1737410342400,336359769.2
8,0.2322,1737496742400,375236519.2
9,0.2462,1737583142400,585917649.8
10,0.241,1737669542400,471088226.4
11,0.2433,1737755942400,610449584.8
12,0.2342,1737842342400,438897058.5
13,0.2315,1737928742400,416342106.2
14,0.2375,1738015142400,268573497.9
15,0.2424,1738101542400,333411512.9
16,0.2388,1738187942400,500177766.5
17,0.2392,1738274342400,490877152.0
18,0.2424,1738360742400,340281946.8
19,0.2464,1738447142400,342326095.1
20,0.2379,1738533542400,574949176.6
21,0.2393,1738619942400,288693569.3
22,0.246,1738706342400,331032828.6
23,0.2401,1738792742400,842409027.5
24,0.2309,1738879142400,1890807351.5
25,0.2272,1738965542400,1009325608.2
26,0.2286,1739051942400,444354100.4
27,0.2333,1739138342400,1193357849.3
0,0.2341,1739224742400,374672705.3
1,0.2441,1739311142400,552052097.3
2,0.2312,1739397542400,956080928.1
3,0.2426,1739483942400,1138058297.5
4,0.2437,1739570342400,412786997.4
5,0.2401,1739656742400,406463553.8
6,0.2436,1739743142400,556054190.5
7,0.2438,1739829542400,435585790.9
8,0.2321,1739915942400,421132651.8
9,0.2292,1740002342400,783419079.9
10,0.2244,1740088742400,786523239.0
11,0.2229,1740175142400,603882132.8
12,0.2253,1740261542400,504330948.2
13,0.2224,1740347942400,348597649.0
14,0.2215,1740434342400,387929159.1
15,0.2119,1740520742400,459168435.4
16,0.2206,1740607142400,456289316.4
17,0.2371,1740693542400,679967353.2
18,0.2309,1740779942400,1010730830.1
19,0.2339,1740866342400,511193068.6
20,0.2335,1740952742400,365697214.9
21,0.237,1741039142400,273344267.6
22,0.23,1741125542400,289592841.5
23,0.2282,1741211942400,498183827.6
24,0.2272,1741298342400,234960180.4
25,0.2314,1741384742400,312779335.5
26,0.235,1741471142400,321623133.0
27,0.2325,1741557542400,342656417.0
28,0.2318,1741643942400,343416315.5
29,0.2319,1741730342400,241573567.1
30,0.2388,1741816742400,318936229.8
0,0.2378,1741903142400,261887867.2
1,0.2341,1741989542400,469781287.8
2,0.2382,1742075942400,320970586.1
3,0.239,1742162342400,317723906.2
4,0.2375,1742248742400,154149028.0
5,0.2301,1742335142400,350204437.3
6,0.2287,1742421542400,855774586.6
7,0.2306,1742507942400,520940225.9
8,0.2385,1742594342400,652751351.1
9,0.2363,1742680742400,607228685.7
10,0.243,1742767142400,368063339.0
11,0.246,1742853542400,452740951.3
12,0.2547,1742939942400,465421556.6
13,0.2521,1743026342400,584532554.0
14,0.2505,1743112742400,464729630.7
15,0.2476,1743199142400,517919563.2
16,0.2478,1743285542400,543144935.5
17,0.2398,1743371942400,358889047.9
18,0.244,1743458342400,238436668.6
19,0.2438,1743544742400,314247480.2
20,0.2463,1743631142400,471748282.5
21,0.2483,1743717542400,480465459.0
22,0.2462,1743803942400,444574163.4
23,0.2454,1743890342400,363554575.6
24,0.2419,1743976742400,358571002.4
25,0.2519,1744063142400,499229446.5
26,0.2454,1744149542400,390389330.7
27,0.2483,1744235942400,351965372.4
28,0.2438,1744322342400,263689107.5
29,0.2464,1744408742400,287181616.0
0,0.2447,1744495142400,258062389.8
1,0.2478,1744581542400,232625993.9
2,0.2456,1744667942400,253156777.5
3,0.2471,1744754342400,239067696.7
4,0.2483,1744840742400,335180498.5
5,0.2459,1744927142400,268281513.9
6,0.2487,1745013542400,265566887.6
7,0.2571,1745099942400,483322851.7
8,0.2602,1745186342400,926385259.2
9,0.2662,1745272742400,616789184.1
10,0.2651,1745359142400,634953733.3
11,0.2717,1745445542400,1446940787.3
12,0.2709,1745531942400,663028253.6
13,0.2746,1745618342400,657437414.4
14,0.2733,1745704742400,694164812.8
15,0.2717,1745791142400,471001764.0
16,0.2696,1745877542400,375085855.6
17,0.2679,1745963942400,463928205.2
18,0.2667,1746050342400,422494101.0
19,0.2691,1746136742400,549465855.8
20,0.2683,1746223142400,583154189.4
21,0.2759,1746309542400,724788804.4
22,0.2688,1746395942400,669155491.6
23,0.2703,1746482342400,252211206.5
24,0.2723,1746568742400,300012421.3
25,0.2739,1746655142400,243526922.4
26,0.2779,1746741542400,325770380.5
27,0.2738,1746827942400,252948126.9
28,0.2747,1746914342400,331774278.2
29,0.267,1747000742400,503491749.6
30,0.2657,1747087142400,338717941.5
0,0.2708,1747173542400,187322066.3
1,0.2688,1747259942400,230189096.9
2,0.2702,1747346342400,179472141.9
3,0.2744,1747432742400,246171028.8
4,0.282,1747519142400,572100533.2
5,0.2779,1747605542400,321558561.8
6,0.2869,1747691942400,240979112.9
7,0.2817,1747778342400,246557876.3
8,0.287,1747864742400,311622399.3
9,0.2927,1747951142400,409343715.8
10,0.2795,1748037542400,555013823.4
11,0.2718,1748123942400,574655816.7
12,0.2697,1748210342400,562774755.0
13,0.2711,1748296742400,162763835.6
14,0.2739,1748383142400,155712499.5
15,0.2741,1748469542400,1149785011.9
16,0.2715,1748555942400,577769280.7
17,0.273,1748642342400,312403170.9
18,0.2748,1748728742400,194348264.3
19,0.2722,1748815142400,295514386.7
20,0.271,1748901542400,242836642.5
21,0.2635,1748987942400,731949163.0
22,0.2727,1749074342400,504347077.2
23,0.2738,1749160742400,248930520.2
24,0.2731,1749247142400,243430663.9
25,0.271,1749333542400,266296006.6
26,0.2732,1749419942400,161216309.4
27,0.2747,1749506342400,167357663.8
28,0.2769,1749592742400,118183221.9
29,0.2798,1749679142400,180461576.2
0,0.2788,1749765542400,149265465.1
1,0.2844,1749851942400,187805076.1
2,0.287,1749938342400,224100691.3
3,0.2827,1750024742400,195681904.8
4,0.2832,1750111142400,110744964.0
5,0.287,1750197542400,102251894.2
6,0.2867,1750283942400,123089504.4
7,0.2874,1750370342400,116239707.4
8,0.2899,1750456742400,157872852.9
9,0.2939,1750543142400,217329214.1
10,0.3009,1750629542400,502595113.7
11,0.3022,1750715942400,599631349.5
12,0.3028,1750802342400,245788913.0
13,0.3025,1750888742400,457482273.4
14,0.3005,1750975142400,429058710.7
15,0.3096,1751061542400,319648241.1
16,0.3156,1751147942400,710754359.2
17,0.3261,1751234342400,1221397095.8
18,0.3179,1751320742400,613872003.6
19,0.314,1751407142400,466585372.2
20,0.3143,1751493542400,643709842.4
21,0.3158,1751579942400,710716819.3
22,0.3095,1751666342400,929508217.0
23,0.3139,1751752742400,904560474.8
24,0.317,1751839142400,836560335.7
25,0.3201,1751925542400,266219744.5
26,0.3199,1752011942400,279282527.4
27,0.3224,1752098342400,615061941.3
28,0.3385,1752184742400,1821462357.7
29,0.3274,1752271142400,955795735.5
30,0.325,1752357542400,505826821.5
0,0.3234,1752443942400,898415383.7
1,0.3221,1752530342400,689503680.7
2,0.3275,1752616742400,347761590.5
3,0.3328,1752703142400,266100504.4
4,0.3338,1752789542400,416264838.1
5,0.3373,1752875942400,346072001.0
6,0.3384,1752962342400,450669087.9
7,0.3378,1753048742400,512311917.6
8,0.3352,1753135142400,214111271.4
9,0.3383,1753221542400,384107571.7
10,0.345,1753307942400,430916873.5
11,0.3524,1753394342400,497002517.7
12,0.3621,1753480742400,511523817.8
13,0.3575,1753567142400,1216118817.3
14,0.3526,1753653542400,712101709.2
15,0.3478,1753739942400,373739098.6
16,0.3534,1753826342400,370411070.1
17,0.3503,1753912742400,526435804.9
18,0.3477,1753999142400,604934340.0
19,0.3545,1754085542400,555581458.7
20,0.3537,1754171942400,490240639.4
21,0.3667,1754258342400,657013945.0
22,0.3624,1754344742400,349673528.4
23,0.3614,1754431142400,489580599.7
24,0.3417,1754517542400,812955608.0
25,0.3518,1754603942400,610797978.5
26,0.3451,1754690342400,443044289.9
27,0.3451,1754776742400,310206513.8
28,0.3385,1754863142400,554362199.7
29,0.339,1754949542400,202396931.9
30,0.341,1755035942400,175641360.9
0,0.3373,1755122342400,410485042.0
1,0.3381,1755208742400,399330542.1
2,0.3406,1755295142400,230594362.0
3,0.3346,1755381542400,266940061.8
4,0.3313,1755467942400,393299294.3
5,0.3145,1755554342400,583754409.6
6,0.3312,1755640742400,729652819.0
7,0.3313,1755727142400,315699044.5
8,0.3351,1755813542400,385510569.9
9,0.3383,1755899942400,224876043.2
10,0.3463,1755986342400,352175419.1
11,0.3525,1756072742400,271316751.2
12,0.3497,1756159142400,251547106.4
13,0.3485,1756245542400,219639369.3
14,0.3448,1756331942400,346802307.5
15,0.3423,1756418342400,283789066.8
16,0.3433,1756504742400,362090914.3
17,0.3505,1756591142400,328290909.4
18,0.3437,1756677542400,311551673.2
19,0.3467,1756763942400,209002965.0
20,0.3426,1756850342400,203967538.9
21,0.3399,1756936742400,532962412.6
22,0.336,1757023142400,285760721.4
23,0.3382,1757109542400,226796912.8
24,0.3319,1757195942400,442862468.4
25,0.3383,1757282342400,316603651.9
26,0.3366,1757368742400,130288699.8
27,0.3357,1757455142400,116594255.4
28,0.3368,1757541542400,162341595.7
29,0.3336,1757627942400,190255915.0
0,0.3415,1757714342400,265452066.9
1,0.3426,1757800742400,209692446.3
2,0.3419,1757887142400,270615261.8
3,0.3404,1757973542400,115990718.2
4,0.3413,1758059942400,192175496.3
5,0.3461,1758146342400,261892874.3
6,0.3379,1758232742400,281423648.2
7,0.342,1758319142400,245818593.7
8,0.3369,1758405542400,294100377.5
9,0.3205,1758491942400,672891263.4
10,0.3144,1758578342400,382849698.3
11,0.3227,1758664742400,393610083.3
12,0.3227,1758751142400,317132204.7
13,0.3168,1758837542400,571178154.2
14,0.3192,1758923942400,406737378.8
15,0.316,1759010342400,438646802.2
16,0.3089,1759096742400,510045988.8
17,0.313,1759183142400,160309126.7
18,0.3205,1759269542400,168205628.0
19,0.3224,1759355942400,244066327.1
20,0.3217,1759442342400,325735758.4
21,0.3226,1759528742400,470375776.4
22,0.3139,1759615142400,305984415.0
23,0.3037,1759701542400,393150376.9
24,0.2971,1759787942400,465092357.5
25,0.3003,1759874342400,323407386.6
26,0.2983,1759960742400,271843375.0
27,0.2954,1760047142400,305116262.9
28,0.2961,1760133542400,401066631.6
29,0.2925,1760219942400,574675939.1
30,0.2962,1760306342400,224538801.9
0,0.2975,1760392742400,126831293.2
1,0.2981,1760479142400,134122325.4
2,0.2813,1760565542400,771686509.5
3,0.2855,1760651942400,903574571.4
4,0.2889,1760738342400,353023780.2
5,0.2839,1760824742400,272321105.0
6,0.2923,1760911142400,441786199.3
7,0.2916,1760997542400,216533092.4
8,0.2906,1761083942400,169434569.9
9,0.2965,1761170342400,266673182.5
10,0.2967,1761256742400,330932404.7
11,0.2946,1761343142400,342644255.6
12,0.2931,1761429542400,395988503.9
13,0.2925,1761515942400,589673342.8
14,0.2948,1761602342400,214454352.4
15,0.2924,1761688742400,409703683.5
16,0.2918,1761775142400,429307938.8
17,0.2903,1761861542400,457273192.1
18,0.2869,1761947942400,384674573.0
19,0.2805,1762034342400,355397288.1
20,0.2766,1762120742400,725478900.7
21,0.2743,1762207142400,318022680.5
22,0.275,1762293542400,187440869.2
23,0.2748,1762379942400,292389943.2
24,0.2745,1762466342400,272933836.3
25,0.2765,1762552742400,173342830.8
26,0.2803,1762639142400,171585291.1
27,0.281,1762725542400,204892661.0
28,0.2809,1762811942400,96041189.3
29,0.2815,1762898342400,128779778.7
0,0.2769,1762984742400,407520727.1
1,0.281,1763071142400,261809940.2
2,0.2804,1763157542400,216563118.6
3,0.2862,1763243942400,227948845.6
4,0.2856,1763330342400,271054429.4
5,0.2871,1763416742400,182377732.0
6,0.2868,1763503142400,196278530.6
7,0.2814,1763589542400,171187560.4
8,0.2822,1763675942400,225844529.9
9,0.2801,1763762342400,235119226.5
10,0.2805,1763848742400,196857893.7
11,0.2737,1763935142400,169595138.3
12,0.271,1764021542400,112327000.4
13,0.2773,1764107942400,195039197.4
14,0.2783,1764194342400,319553204.2
15,0.2802,1764280742400,186068057.6
16,0.2796,1764367142400,210138939.0
17,0.2793,1764453542400,221532991.8
18,0.28,1764539942400,204589257.6
19,0.2819,1764626342400,124367185.6
20,0.2883,1764712742400,190920881.0
21,0.2844,1764799142400,216011449.3
22,0.2836,1764885542400,125216769.3
23,0.2803,1764971942400,174979578.6
24,0.2787,1765058342400,129473811.9
25,0.2795,1765144742400,134238976.2
26,0.2849,1765231142400,136414847.9
27,0.285,1765317542400,123523751.2
28,0.285,1765403942400,196683163.2
29,0.2863,1765490342400,122414588.8
30,0.2845,1765576742400,133466872.3
