,close,time,volume
0,0.8277,0,254001232.0
1,0.824,86400,210041825.0
2,0.8432,172800,159520162.0
3,0.826,259200,216740017.0
4,0.8164,345600,174779509.0
5,0.7595,432000,348686323.0
6,0.7871,518400,196211648.0
7,0.7549,604800,210639194.0
8,0.7622,691200,102131244.0
9,0.7543,777600,123028708.0
10,0.6948,864000,354459252.0
11,0.7152,950400,263088987.0
12,0.7232,1036800,217937566.0
13,0.7262,1123200,239629937.0
14,0.7858,1209600,439676502.0
15,0.7808,1296000,206493032.0
16,0.7519,1382400,188468510.0
17,0.7699,1468800,257757252.0
18,0.7749,1555200,199132020.0
19,0.7517,1641600,220246970.0
20,0.7328,1728000,241310449.0
21,0.7179,1814400,220757625.0
22,0.7057,1900800,163036743.0
23,0.6981,1987200,144945400.0
24,0.6931,2073600,399434752.0
25,0.642,2160000,355964613.0
26,0.6522,2246400,277994630.0
27,0.6428,2332800,242145728.0
28,0.6116,2419200,322263629.0
29,0.5845,2505600,354754733.0
0,0.607,2592000,279653905.0
1,0.6143,2678400,332748235.0
2,0.6047,2764800,284044788.0
3,0.6459,2851200,345607731.0
4,0.5981,2937600,446938464.0
5,0.6022,3024000,363872112.0
6,0.5808,3110400,243420987.0
7,0.5662,3196800,335981906.0
8,0.4873,3283200,841979616.33
9,0.513,3369600,900790302.0
10,0.4172,3456000,1598443681.35
11,0.3856,3542400,1567507931.5
12,0.4228,3628800,698396767.0
13,0.4262,3715200,442845171.0
14,0.4481,3801600,267739238.0
15,0.4231,3888000,433909248.0
16,0.438,3974400,376428299.0
17,0.4056,4060800,370954228.0
18,0.4205,4147200,285465302.0
19,0.4101,4233600,358049438.0
20,0.4145,4320000,144232225.0
21,0.4218,4406400,143783091.0
22,0.4052,4492800,301434382.0
23,0.4086,4579200,309724750.0
24,0.406,4665600,414339536.0
25,0.392,4752000,626704757.0
26,0.3819,4838400,549974246.0
27,0.3863,4924800,232996058.0
28,0.3891,5011200,190159222.0
29,0.4187,5097600,371239281.0
30,0.4217,5184000,422313633.0
0,0.398,5270400,436983828.0
1,0.4055,5356800,350695114.0
2,0.3904,5443200,283788604.0
3,0.3925,5529600,134031506.0
4,0.3953,5616000,134209649.0
5,0.4026,5702400,253767142.0
6,0.4076,5788800,418785041.0
7,0.4006,5875200,307076296.0
8,0.4002,5961600,253775318.0
9,0.3815,6048000,399808206.0
10,0.3599,6134400,335176735.0
11,0.3433,6220800,427316144.0
12,0.3118,6307200,1028751993.07
13,0.3214,6393600,778418633.0
14,0.3436,6480000,865192872.0
15,0.3132,6566400,589816543.0
16,0.321,6652800,430655102.0
17,0.3075,6739200,555977925.71
18,0.3264,6825600,393395495.0
19,0.3227,6912000,356161086.0
20,0.3294,6998400,379691157.0
21,0.3223,7084800,315095128.0
22,0.3358,7171200,293426615.0
23,0.3672,7257600,610286919.0
24,0.3676,7344000,216676025.0
25,0.3592,7430400,194186812.0
26,0.3537,7516800,274516503.0
27,0.3375,7603200,316153206.0
28,0.3296,7689600,329827694.0
29,0.3321,7776000,463148646.0
0,0.3139,7862400,373042743.0
1,0.3156,7948800,179482724.0
2,0.3215,8035200,194701668.0
3,0.3287,8121600,276890244.0
4,0.3252,8208000,332749123.0
5,0.3324,8294400,295359140.0
6,0.3422,8380800,261063763.0
7,0.3402,8467200,383269941.0
8,0.3448,8553600,131799232.0
9,0.3255,8640000,240237163.0
10,0.3152,8726400,246538517.0
11,0.3116,8812800,234067778.0
12,0.3237,8899200,354463864.0
13,0.3338,8985600,323459383.0
14,0.3342,9072000,392883643.0
15,0.3505,9158400,271487176.0
16,0.3433,9244800,203255685.0
17,0.3653,9331200,404237689.0
18,0.3729,9417600,372635897.0
19,0.3635,9504000,329852165.0
20,0.3669,9590400,276798269.0
21,0.3578,9676800,231304449.0
22,0.3592,9763200,140472336.0
23,0.3586,9849600,154710249.0
24,0.3362,9936000,250777496.0
25,0.3372,10022400,248516564.0
26,0.3594,10108800,270820690.0
27,0.3739,10195200,338381188.0
28,0.3679,10281600,276456259.0
29,0.3879,10368000,388154871.0
30,0.3792,10454400,231814092.0
0,0.3791,10540800,215729685.0
1,0.3714,10627200,261343324.0
2,0.3695,10713600,212254602.0
3,0.371,10800000,170860294.0
4,0.3764,10886400,178170072.0
5,0.3715,10972800,88658479.0
6,0.3722,11059200,94432362.0
7,0.3787,11145600,221476216.0
8,0.3672,11232000,168358813.0
9,0.3814,11318400,218617309.0
10,0.3802,11404800,212303676.0
11,0.3796,11491200,169377982.0
12,0.378,11577600,122728952.0
13,0.3757,11664000,184744299.0
14,0.3751,11750400,231352894.0
15,0.377,11836800,196904975.0
16,0.3795,11923200,333525617.0
17,0.3704,12009600,206448429.0
18,0.3344,12096000,437831008.0
19,0.3368,12182400,206218319.0
20,0.3449,12268800,185595697.0
21,0.344,12355200,259125051.0
22,0.3472,12441600,224844843.0
23,0.3456,12528000,190760736.0
24,0.3491,12614400,200831070.0
25,0.3393,12700800,439211758.0
26,0.3346,12787200,175871454.0
27,0.3224,12873600,148984590.0
28,0.3337,12960000,268856257.0
29,0.3267,13046400,213879108.0
30,0.3277,13132800,195043842.0
0,0.3331,13219200,183564987.0
1,0.3314,13305600,179601436.0
2,0.3297,13392000,103317904.0
3,0.3317,13478400,95913393.0
4,0.3329,13564800,178320876.0
5,0.3212,13651200,337153895.0
6,0.3369,13737600,267709589.0
7,0.3396,13824000,234589959.0
8,0.3568,13910400,334849027.0
9,0.3573,13996800,186010258.0
10,0.3552,14083200,146159090.0
11,0.3598,14169600,243143764.0
12,0.3326,14256000,364278378.0
13,0.3415,14342400,308604961.0
14,0.3261,14428800,406236125.0
15,0.3552,14515200,370003740.0
16,0.3762,14601600,443007880.0
17,0.3576,14688000,680858418.0
18,0.3848,14774400,737172977.0
19,0.414,14860800,1113792429.0
20,0.3936,14947200,925735817.0
21,0.4862,15033600,1322834928.0
22,0.5069,15120000,1820625745.0
23,0.4878,15206400,711158721.0
24,0.4917,15292800,738162563.0
25,0.4683,15379200,626520230.0
26,0.4457,15465600,628394011.0
27,0.4489,15552000,595920283.0
28,0.4877,15638400,788666701.0
29,0.4799,15724800,683028303.0
0,0.4754,15811200,332745201.0
1,0.4485,15897600,331325448.0
2,0.4621,15984000,393625435.0
3,0.4795,16070400,528294804.0
4,0.4887,16156800,582675616.0
5,0.4934,16243200,412623504.0
6,0.5177,16329600,523500800.0
7,0.517,16416000,340783746.0
8,0.5325,16502400,366379188.0
9,0.4939,16588800,519737735.0
10,0.4861,16675200,445279743.0
11,0.4881,16761600,245221984.0
12,0.4791,16848000,601751609.0
13,0.4883,16934400,457259209.0
14,0.4818,17020800,155163123.0
15,0.4766,17107200,220894101.0
16,0.4804,17193600,266511552.0
17,0.4658,17280000,289689721.0
18,0.4504,17366400,330327507.0
19,0.4465,17452800,396744045.0
20,0.4614,17539200,362000551.0
21,0.4653,17625600,168922503.0
22,0.4688,17712000,201619037.0
23,0.4529,17798400,269189993.0
24,0.4605,17884800,350361399.0
25,0.4689,17971200,308800077.0
26,0.4615,18057600,386147200.0
27,0.4744,18144000,258511622.0
28,0.4701,18230400,284375501.0
29,0.4582,18316800,182831402.0
30,0.4641,18403200,291632134.0
0,0.4636,18489600,272552886.0
1,0.4497,18576000,305327596.0
2,0.4548,18662400,221405589.0
3,0.5064,18748800,561979429.0
4,0.493,18835200,199360700.0
5,0.4709,18921600,163125807.0
6,0.4648,19008000,325333918.0
7,0.4059,19094400,978082649.0
8,0.3331,19180800,908074197.0
9,0.3942,19267200,815070852.0
10,0.3843,19353600,477945830.0
11,0.3636,19440000,254821436.0
12,0.3408,19526400,334510449.0
13,0.3776,19612800,693547037.0
14,0.3888,19699200,541305225.0
15,0.3752,19785600,363276410.0
16,0.3819,19872000,413772413.0
17,0.3829,19958400,292591109.0
18,0.3841,20044800,145313373.0
19,0.3608,20131200,308373842.0
20,0.3645,20217600,591706474.0
21,0.3757,20304000,464705247.0
22,0.3815,20390400,354058802.0
23,0.4018,20476800,454087891.0
24,0.4078,20563200,428503257.0
25,0.396,20649600,184581391.0
26,0.3962,20736000,199432182.0
27,0.3888,20822400,434930297.0
28,0.3981,20908800,355638077.0
29,0.4078,20995200,329757224.0
0,0.3969,21081600,251203503.0
1,0.3961,21168000,257877078.0
2,0.3873,21254400,152919238.0
3,0.3895,21340800,134434499.0
4,0.3893,21427200,338205071.0
5,0.3914,21513600,302191639.0
6,0.3835,21600000,307733325.0
7,0.3941,21686400,276255107.0
8,0.3889,21772800,259535105.0
9,0.3865,21859200,99433210.0
10,0.3809,21945600,96374128.0
11,0.3874,22032000,348028456.0
12,0.3952,22118400,440118070.0
13,0.3853,22204800,329607186.0
14,0.378,22291200,226540166.0
15,0.3511,22377600,376428572.0
16,0.3545,22464000,208492422.0
17,0.3499,22550400,115421793.0
18,0.3389,22636800,365699862.0
19,0.3482,22723200,312424782.0
20,0.3449,22809600,287425951.0
21,0.3492,22896000,255155313.0
22,0.3543,22982400,221882542.0
23,0.3517,23068800,62857912.0
24,0.3457,23155200,100344595.0
25,0.3658,23241600,337834881.0
26,0.3675,23328000,385194770.0
27,0.3558,23414400,337095747.0
28,0.3421,23500800,347820025.0
29,0.3451,23587200,270037618.0
30,0.3389,23673600,138156698.0
0,0.3387,23760000,102026821.0
1,0.3482,23846400,647520487.0
2,0.3436,23932800,346410334.0
3,0.3472,24019200,372672796.0
4,0.338,24105600,265529668.0
5,0.3443,24192000,278304929.0
6,0.3442,24278400,103851424.0
7,0.3452,24364800,185516324.0
8,0.349,24451200,527746615.0
9,0.3507,24537600,338577860.0
10,0.3728,24624000,626037461.0
11,0.3748,24710400,505754231.0
12,0.3858,24796800,405120914.0
13,0.3953,24883200,582781070.0
14,0.3845,24969600,294014260.0
15,0.3855,25056000,542041099.0
16,0.3868,25142400,378212343.0
17,0.3782,25228800,615064764.0
18,0.3928,25315200,416112670.0
19,0.4129,25401600,366316527.0
20,0.4034,25488000,346602583.0
21,0.4004,25574400,250067543.0
22,0.4234,25660800,723894773.0
23,0.4078,25747200,411297898.0
24,0.417,25833600,375065459.0
25,0.4092,25920000,290069659.0
26,0.4128,26006400,274281738.0
27,0.4078,26092800,148949278.0
28,0.4134,26179200,166884667.0
29,0.3934,26265600,433795926.0
30,0.4057,26352000,346580963.0
0,0.4131,26438400,379103907.0
1,0.4098,26524800,322532370.0
2,0.4117,26611200,274689680.0
3,0.4106,26697600,178134111.0
4,0.3984,26784000,237111362.0
5,0.392,26870400,315995053.0
6,0.4036,26956800,356160688.0
7,0.3975,27043200,263188839.0
8,0.3819,27129600,526681339.0
9,0.3817,27216000,279931749.0
10,0.3833,27302400,123179600.0
11,0.3747,27388800,135976322.0
12,0.3703,27475200,382768169.0
13,0.3819,27561600,372274074.0
14,0.4011,27648000,370966882.0
15,0.3841,27734400,450636395.0
16,0.395,27820800,358052399.0
17,0.3943,27907200,145625421.0
18,0.3863,27993600,237992952.0
19,0.3984,28080000,557018367.0
20,0.3919,28166400,448284088.0
21,0.3953,28252800,389277544.0
22,0.3882,28339200,348351954.0
23,0.3783,28425600,356652233.0
24,0.3778,28512000,179723963.0
25,0.3779,28598400,130843027.0
26,0.3785,28684800,421412885.0
27,0.3762,28771200,371401256.0
0,0.3835,28857600,317577485.0
1,0.3772,28944000,281873061.0
2,0.3774,29030400,490515388.0
3,0.3735,29116800,164275250.0
4,0.3668,29203200,163637644.0
5,0.3695,29289600,428373378.0
6,0.3801,29376000,562644274.0
7,0.3889,29462400,682406723.0
8,0.3706,29548800,655014119.0
9,0.37,29635200,541098785.0
10,0.3638,29721600,342981412.0
11,0.3714,29808000,389760071.0
12,0.3724,29894400,556402600.0
13,0.3724,29980800,544803822.0
14,0.3589,30067200,385093409.0
15,0.3647,30153600,259083315.0
16,0.3798,30240000,405873760.0
17,0.3739,30326400,360335327.0
18,0.3857,30412800,476291604.0
19,0.3734,30499200,443129416.0
20,0.4696,30585600,1698380685.0
21,0.4213,30672000,1409641087.0
22,0.4438,30758400,837629903.0
23,0.4259,30844800,507977567.0
24,0.4429,30931200,635312958.0
25,0.4479,31017600,364479792.0
26,0.479,31104000,1003256531.0
27,0.5144,31190400,1126346466.0
28,0.5425,31276800,1291815558.0
29,0.5319,31363200,827691286.0
30,0.5374,31449600,532875635.0
0,0.5095,31536000,516087832.0
1,0.518,31622400,391347744.0
2,0.4959,31708800,522070023.0
3,0.5026,31795200,360227447.0
4,0.5055,31881600,411989031.0
5,0.5028,31968000,315900045.0
6,0.5126,32054400,318185786.0
7,0.5048,32140800,136614694.0
8,0.5054,32227200,116122379.0
9,0.5176,32313600,264898196.0
10,0.5167,32400000,358821527.0
11,0.5049,32486400,339100343.0
12,0.5125,32572800,273342378.0
13,0.5227,32659200,462335443.0
14,0.5192,32745600,152508925.0
15,0.5209,32832000,157240759.0
16,0.5109,32918400,299749754.0
17,0.5324,33004800,358112470.0
18,0.4911,33091200,620153279.0
19,0.4752,33177600,454997513.0
20,0.4491,33264000,425209825.0
21,0.4719,33350400,242021955.0
22,0.4647,33436800,222191297.0
23,0.4611,33523200,408426760.0
24,0.4695,33609600,377056298.0
25,0.4618,33696000,551155391.0
26,0.4667,33782400,345756985.0
27,0.4796,33868800,384917512.0
28,0.478,33955200,175533507.0
29,0.4705,34041600,143199211.0
0,0.4649,34128000,338231418.0
1,0.4645,34214400,330734355.0
2,0.4632,34300800,341232638.0
3,0.4608,34387200,218212542.0
4,0.4671,34473600,292855620.0
5,0.4582,34560000,168649976.0
6,0.449,34646400,119401215.0
7,0.4283,34732800,483055933.0
8,0.4289,34819200,331497882.0
9,0.4303,34905600,334930240.0
10,0.4207,34992000,288769811.0
11,0.4305,35078400,408757650.0
12,0.424,35164800,102125283.0
13,0.4253,35251200,97517794.0
14,0.4273,35337600,263543031.0
15,0.4425,35424000,357854908.0
16,0.4484,35510400,511331200.0
17,0.4596,35596800,420292099.0
18,0.4675,35683200,327924286.0
19,0.4685,35769600,133085427.0
20,0.4575,35856000,152105849.0
21,0.4618,35942400,289989578.0
22,0.4651,36028800,270491006.0
23,0.453,36115200,334128026.0
24,0.4538,36201600,190174437.0
25,0.4684,36288000,284645154.0
26,0.4714,36374400,178798933.0
27,0.482,36460800,166534206.0
28,0.4946,36547200,328535756.0
29,0.5205,36633600,662891231.0
30,0.5166,36720000,440917044.0
0,0.5065,36806400,320782418.0
1,0.5244,36892800,293048961.0
2,0.5188,36979200,172139129.0
3,0.5359,37065600,250235168.0
4,0.509,37152000,616993814.0
5,0.53,37238400,458413458.0
6,0.5183,37324800,467474175.0
7,0.5236,37411200,262982251.0
8,0.538,37497600,352068623.0
9,0.5067,37584000,609302319.0
10,0.5208,37670400,221202480.0
11,0.5251,37756800,356547544.0
12,0.5192,37843200,771631184.0
13,0.4801,37929600,544396397.0
14,0.4801,38016000,337742736.0
15,0.4759,38102400,376661662.0
16,0.4794,38188800,189579671.0
17,0.4868,38275200,225020544.0
18,0.4936,38361600,322187608.0
19,0.4929,38448000,378325906.0
20,0.4999,38534400,408749828.0
21,0.4938,38620800,442729597.0
22,0.4961,38707200,345391930.0
23,0.4865,38793600,193097516.0
24,0.4903,38880000,191583170.0
25,0.479,38966400,305338027.0
26,0.4838,39052800,291583944.0
27,0.4647,39139200,325837765.0
28,0.4747,39225600,211214558.0
29,0.4729,39312000,393612239.0
0,0.4732,39398400,232549409.0
1,0.4845,39484800,337155089.0
2,0.489,39571200,357020349.0
3,0.4872,39657600,299439491.0
4,0.4777,39744000,292620010.0
5,0.4622,39830400,304125111.0
6,0.4687,39916800,230688947.0
7,0.4704,40003200,116031881.0
8,0.468,40089600,80147955.0
9,0.478,40176000,334545737.0
10,0.4753,40262400,225681776.0
11,0.471,40348800,220670755.0
12,0.8153,40435200,2499971165.0
13,0.7179,40521600,1525175518.0
14,0.7145,40608000,703355719.0
15,0.7468,40694400,946644269.0
16,0.7374,40780800,608872143.0
17,0.7779,40867200,598030609.0
18,0.8199,40953600,913495953.0
19,0.7942,41040000,643507521.0
20,0.7713,41126400,411233974.0
21,0.7331,41212800,324984749.0
22,0.7384,41299200,293811431.0
23,0.7021,41385600,513611905.0
24,0.7089,41472000,393523223.0
25,0.7161,41558400,369415295.0
26,0.7139,41644800,312450860.0
27,0.712,41731200,200990844.0
28,0.7121,41817600,105603908.0
29,0.7046,41904000,267572438.0
30,0.6976,41990400,378390957.0
0,0.7069,42076800,366664318.0
1,0.685,42163200,257325957.0
2,0.663,42249600,353547025.0
3,0.6356,42336000,350885648.0
4,0.6288,42422400,290912373.0
5,0.624,42508800,201522971.0
6,0.6236,42595200,446625792.0
7,0.6418,42681600,377837388.0
8,0.6433,42768000,440268396.0
9,0.6331,42854400,294658012.0
10,0.6318,42940800,225898829.0
11,0.6276,43027200,87289374.0
12,0.6256,43113600,137308778.0
13,0.6343,43200000,260175236.0
14,0.6104,43286400,388356202.0
15,0.5889,43372800,581618879.0
16,0.5064,43459200,847602528.0
17,0.5062,43545600,724839898.0
18,0.5199,43632000,298930279.0
19,0.5384,43718400,452910011.0
20,0.5245,43804800,528716245.0
21,0.521,43891200,422200069.0
22,0.5301,43977600,286855957.0
23,0.5187,44064000,252154333.0
24,0.5258,44150400,326124248.0
25,0.5231,44236800,110436094.0
26,0.5236,44323200,132391247.0
27,0.5232,44409600,266211960.0
28,0.5398,44496000,458921685.0
29,0.5284,44582400,279526116.0
30,0.511,44668800,359350681.0
0,0.498,44755200,390869888.0
1,0.4988,44841600,173634913.0
2,0.5047,44928000,148603214.0
3,0.5087,45014400,293271541.0
4,0.5056,45100800,260333041.0
5,0.5033,45187200,255134232.0
6,0.505,45273600,209969723.0
7,0.505,45360000,223628172.0
8,0.5038,45446400,69132813.0
9,0.4969,45532800,144849888.0
10,0.4744,45619200,484437445.0
11,0.4804,45705600,356403388.0
12,0.4832,45792000,274586793.0
13,0.4892,45878400,232539752.0
14,0.5005,45964800,305608308.0
15,0.4998,46051200,132881408.0
16,0.4925,46137600,142846615.0
17,0.503,46224000,298374742.0
18,0.514,46310400,295258283.0
19,0.5212,46396800,288497937.0
20,0.5071,46483200,277323578.0
21,0.5122,46569600,233893377.0
22,0.5076,46656000,101716334.0
23,0.5021,46742400,112889323.0
24,0.5056,46828800,303674393.0
25,0.5019,46915200,271054261.0
26,0.4993,47001600,237514582.0
27,0.5098,47088000,247906960.0
28,0.5215,47174400,604996777.0
29,0.5149,47260800,144866051.0
0,0.5241,47347200,167673504.0
1,0.5123,47433600,319018957.0
2,0.539,47520000,398167814.0
3,0.5326,47606400,422012491.0
4,0.5227,47692800,234313709.0
5,0.5255,47779200,219784262.0
6,0.5216,47865600,63137112.0
7,0.5174,47952000,82864720.0
8,0.5027,48038400,322604658.0
9,0.4965,48124800,228001743.0
10,0.4888,48211200,241504648.0
11,0.483,48297600,259545095.0
12,0.4851,48384000,257150898.0
13,0.4865,48470400,93826664.0
14,0.4874,48556800,101648635.0
15,0.4978,48643200,405705160.0
16,0.4912,48729600,268586946.0
17,0.4878,48816000,202731261.0
18,0.5197,48902400,445455672.0
19,0.5149,48988800,412008957.0
20,0.5208,49075200,179110644.0
21,0.5226,49161600,165306102.0
22,0.5475,49248000,522483834.0
23,0.5588,49334400,798801237.0
24,0.5552,49420800,369106629.0
25,0.5533,49507200,397423009.0
26,0.543,49593600,312543838.0
27,0.5446,49680000,110912293.0
28,0.5561,49766400,160069611.0
29,0.578,49852800,436757242.0
30,0.5996,49939200,621793128.0
0,0.6085,50025600,468312081.0
1,0.6054,50112000,438254076.0
2,0.6121,50198400,329096876.0
3,0.6149,50284800,142897570.0
4,0.6607,50371200,418017252.0
5,0.7148,50457600,703629362.0
6,0.685,50544000,618276758.0
7,0.6869,50630400,344396095.0
8,0.6665,50716800,777778139.0
9,0.6595,50803200,464857348.0
10,0.6626,50889600,380232188.0
11,0.6613,50976000,216031217.0
12,0.6702,51062400,749884441.0
13,0.6296,51148800,597417769.0
14,0.6481,51235200,339283800.0
15,0.6119,51321600,440591531.0
16,0.6133,51408000,368525340.0
17,0.6106,51494400,192040293.0
18,0.6258,51580800,240044861.0
19,0.6122,51667200,298231745.0
20,0.5788,51753600,468850910.0
21,0.6109,51840000,346216216.0
22,0.6209,51926400,305693192.0
23,0.6212,52012800,303149239.0
24,0.6228,52099200,121921267.0
25,0.6157,52185600,266307412.0
26,0.6039,52272000,309411406.0
27,0.6107,52358400,286127938.0
28,0.6091,52444800,235341461.0
29,0.6063,52531200,232714430.0
0,0.6125,52617600,248446111.0
1,0.6208,52704000,144130252.0
2,0.6229,52790400,240660124.0
3,0.6245,52876800,492198799.0
4,0.621,52963200,369372743.0
5,0.64,53049600,498860756.0
6,0.6432,53136000,454683854.0
7,0.6721,53222400,497144485.0
8,0.6584,53308800,522942153.0
9,0.6617,53395200,251001949.0
10,0.6187,53481600,601855237.0
11,0.6192,53568000,372907112.0
12,0.6275,53654400,383566539.0
13,0.6316,53740800,340698850.0
14,0.6156,53827200,356613976.0
15,0.6203,53913600,160755138.0
16,0.6103,54000000,176476817.0
17,0.6125,54086400,477105096.0
18,0.6047,54172800,309456484.0
19,0.6171,54259200,380133323.0
20,0.6241,54345600,294263304.0
21,0.6244,54432000,386616422.0
22,0.6195,54518400,170948891.0
23,0.6121,54604800,305003397.0
24,0.6462,54691200,501529244.0
25,0.6219,54777600,427204990.0
26,0.634,54864000,363959180.0
27,0.6346,54950400,468193003.0
28,0.623,55036800,347060742.0
29,0.6207,55123200,168141907.0
30,0.6156,55209600,160978768.0
0,0.6294,55296000,165869400.0
1,0.6246,55382400,371069494.0
2,0.5823,55468800,1063513320.0
3,0.5868,55555200,384638363.0
4,0.5757,55641600,383229345.0
5,0.5679,55728000,166749051.0
6,0.5515,55814400,226717559.0
7,0.5776,55900800,520587965.0
8,0.5669,55987200,454568370.0
9,0.6008,56073600,565711997.0
10,0.6019,56160000,513518254.0
11,0.5699,56246400,462016509.0
12,0.5747,56332800,144723019.0
13,0.5763,56419200,188471401.0
14,0.5757,56505600,267118552.0
15,0.5757,56592000,250036650.0
16,0.5685,56678400,229435711.0
17,0.552,56764800,286860737.0
18,0.5443,56851200,412467369.0
19,0.5534,56937600,190027866.0
20,0.5464,57024000,115018674.0
21,0.5275,57110400,340622198.0
22,0.5183,57196800,468522571.0
23,0.5181,57283200,256315507.0
24,0.5138,57369600,251423038.0
25,0.5323,57456000,345499020.0
26,0.5303,57542400,109437595.0
27,0.5241,57628800,133344725.0
28,0.5352,57715200,315810144.0
29,0.5107,57801600,551143127.0
30,0.5033,57888000,485421774.0
0,0.5058,57974400,339711167.0
1,0.5105,58060800,362229325.0
2,0.5186,58147200,268503943.0
3,0.5032,58233600,156461025.0
4,0.5069,58320000,316744221.0
5,0.505,58406400,296361361.0
6,0.5138,58492800,337065844.0
7,0.5147,58579200,319558939.0
8,0.5262,58665600,381663993.0
9,0.5239,58752000,136051851.0
10,0.5261,58838400,218992618.0
11,0.5315,58924800,383946428.0
12,0.5247,59011200,398803382.0
13,0.5378,59097600,402071120.0
14,0.5622,59184000,640584098.0
15,0.5643,59270400,522111567.0
16,0.5496,59356800,254033578.0
17,0.5571,59443200,199644484.0
18,0.5626,59529600,361659945.0
19,0.5622,59616000,577494529.0
20,0.5491,59702400,443537294.0
21,0.541,59788800,363824441.0
22,0.5342,59875200,435074448.0
23,0.545,59961600,201672485.0
24,0.5425,60048000,200338025.0
25,0.5506,60134400,442051388.0
26,0.5861,60220800,852720045.0
27,0.575,60307200,1038133713.0
28,0.5867,60393600,1323123117.0
0,0.6013,60480000,545783016.0
1,0.6442,60566400,891150692.0
2,0.6271,60652800,626556050.0
3,0.6477,60739200,1053563753.0
4,0.5912,60825600,1554937673.0
5,0.6121,60912000,832599729.0
6,0.627,60998400,789389082.0
7,0.62,61084800,648298999.0
8,0.6197,61171200,399105613.0
9,0.608,61257600,431213931.0
10,0.723,61344000,2035920643.0
11,0.688,61430400,1164823272.0
12,0.6891,61516800,629718012.0
13,0.669,61603200,866913230.0
14,0.6342,61689600,1046569627.0
15,0.6031,61776000,637944105.0
16,0.6191,61862400,520417354.0
17,0.6453,61948800,868146942.0
18,0.5845,62035200,1036258366.0
19,0.6107,62121600,802805428.0
20,0.6404,62208000,799317843.0
21,0.6115,62294400,580029104.0
22,0.6167,62380800,278695151.0
23,0.6325,62467200,304667124.0
24,0.6406,62553600,598260361.0
25,0.6317,62640000,483920076.0
26,0.6118,62726400,576105586.0
27,0.6244,62812800,500717330.0
28,0.6301,62899200,536802072.0
29,0.6212,62985600,275028227.0
30,0.6292,63072000,181972969.0
0,0.611,63158400,546287523.0
1,0.5854,63244800,648286441.0
2,0.5742,63331200,493903933.0
3,0.5935,63417600,701629386.0
4,0.5871,63504000,421470900.0
5,0.593,63590400,165404890.0
6,0.5944,63676800,210766117.0
7,0.6147,63763200,512812491.0
8,0.6141,63849600,648585747.0
9,0.6172,63936000,449695736.0
10,0.6086,64022400,316314812.0
11,0.5468,64108800,903224330.0
12,0.4788,64195200,1199425184.0
13,0.5033,64281600,820741178.0
14,0.4977,64368000,680790708.0
15,0.4965,64454400,535103938.0
16,0.4951,64540800,496078590.0
17,0.5025,64627200,408855589.0
18,0.503,64713600,649243049.0
19,0.5288,64800000,323152269.0
20,0.5246,64886400,209381366.0
21,0.556,64972800,481213218.0
22,0.5445,65059200,395536969.0
23,0.5275,65145600,437750382.0
24,0.5254,65232000,358100461.0
25,0.5261,65318400,354085810.0
26,0.5179,65404800,195569696.0
27,0.5103,65491200,135893039.0
28,0.5151,65577600,347828455.0
29,0.5006,65664000,395591280.0
0,0.5175,65750400,478521177.0
1,0.518,65836800,344602656.0
2,0.5317,65923200,363626848.0
3,0.5302,66009600,158694221.0
4,0.5296,66096000,112344720.0
5,0.5402,66182400,567274807.0
6,0.5245,66268800,346192205.0
7,0.5171,66355200,346832658.0
8,0.5209,66441600,299812797.0
9,0.5022,66528000,356081362.0
10,0.5059,66614400,99554446.0
11,0.4993,66700800,96995150.0
12,0.5053,66787200,307847853.0
13,0.5002,66873600,306746811.0
14,0.5188,66960000,323956909.0
15,0.5157,67046400,327561119.0
16,0.5234,67132800,286496760.0
17,0.5213,67219200,90176826.0
18,0.5096,67305600,112974578.0
19,0.5377,67392000,404880454.0
20,0.537,67478400,491396281.0
21,0.5268,67564800,303183587.0
22,0.5289,67651200,585134596.0
23,0.536,67737600,322992520.0
24,0.5416,67824000,132376204.0
25,0.5283,67910400,108799266.0
26,0.534,67996800,244982717.0
27,0.5287,68083200,282469800.0
28,0.5238,68169600,316791079.0
29,0.5186,68256000,361762802.0
30,0.5176,68342400,304398744.0
0,0.5187,68428800,88294554.0
1,0.5135,68515200,130902096.0
2,0.5199,68601600,237659106.0
3,0.5257,68688000,252531633.0
4,0.5258,68774400,248045273.0
5,0.5215,68860800,289657499.0
6,0.4991,68947200,549543388.0
7,0.4926,69033600,152121412.0
8,0.4986,69120000,90936082.0
9,0.4969,69206400,249759346.0
10,0.4802,69292800,429410619.0
11,0.4916,69379200,341106347.0
12,0.4769,69465600,290198216.0
13,0.4746,69552000,389318737.0
14,0.4908,69638400,176444562.0
15,0.4891,69724800,161562815.0
16,0.5047,69811200,584945066.0
17,0.491,69897600,582727016.0
18,0.4933,69984000,260612342.0
19,0.4888,70070400,324974220.0
20,0.4889,70156800,336098409.0
21,0.4866,70243200,79168277.0
22,0.4797,70329600,95099780.0
23,0.474,70416000,385123013.0
24,0.4757,70502400,226045665.0
25,0.4698,70588800,243409484.0
26,0.4753,70675200,243549420.0
27,0.4716,70761600,264186218.0
28,0.4727,70848000,57959490.0
29,0.4761,70934400,82862100.0
0,0.477,71020800,211844474.0
1,0.4853,71107200,226194005.0
2,0.4672,71193600,317610313.0
3,0.4329,71280000,436420394.0
4,0.4251,71366400,728055932.0
5,0.4488,71452800,168945863.0
6,0.4195,71539200,175785229.0
7,0.4316,71625600,528743623.0
8,0.4356,71712000,289512370.0
9,0.4388,71798400,294639692.0
10,0.4491,71884800,347547669.0
11,0.4745,71971200,472984849.0
12,0.5257,72057600,744327354.0
13,0.5205,72144000,350964405.0
14,0.5372,72230400,437376565.0
15,0.5793,72316800,824632586.0
16,0.626,72403200,806805412.0
17,0.5697,72489600,660623865.0
18,0.5733,72576000,539155049.0
19,0.5937,72662400,300097994.0
20,0.5984,72748800,291988877.0
21,0.608,72835200,412923068.0
22,0.5975,72921600,353756166.0
23,0.6179,73008000,420617643.0
24,0.5996,73094400,485187006.0
25,0.6034,73180800,268729317.0
26,0.5956,73267200,172975781.0
27,0.6012,73353600,182173334.0
28,0.6019,73440000,235245176.0
29,0.6277,73526400,431409390.0
30,0.623,73612800,473184106.0
0,0.5964,73699200,423266147.0
1,0.5607,73785600,410967898.0
2,0.5558,73872000,265483095.0
3,0.5228,73958400,240108087.0
4,0.4889,74044800,1250454532.0
5,0.5062,74131200,410337831.0
6,0.6002,74217600,1000802326.0
7,0.6166,74304000,730482227.0
8,0.5805,74390400,456932445.0
9,0.5841,74476800,213745629.0
10,0.5528,74563200,251097812.0
11,0.5684,74649600,355253164.0
12,0.577,74736000,252380249.0
13,0.5687,74822400,253532158.0
14,0.5607,74908800,267098570.0
15,0.5638,74995200,234628410.0
16,0.5665,75081600,68057519.0
17,0.5631,75168000,119904362.0
18,0.5985,75254400,387069502.0
19,0.5937,75340800,276882583.0
20,0.5999,75427200,274275573.0
21,0.5976,75513600,207559419.0
22,0.6109,75600000,297079009.0
23,0.6127,75686400,242435317.0
24,0.6,75772800,163663049.0
25,0.5874,75859200,236874640.0
26,0.5666,75945600,331644513.0
27,0.5693,76032000,312994647.0
28,0.5619,76118400,209040650.0
29,0.5667,76204800,258840588.0
30,0.5662,76291200,67155202.0
0,0.5472,76377600,121191438.0
1,0.5677,76464000,174750033.0
2,0.5572,76550400,179781483.0
3,0.5579,76636800,272577067.0
4,0.5444,76723200,213816210.0
5,0.5211,76809600,382035412.0
6,0.5248,76896000,82924642.0
7,0.5295,76982400,67909459.0
8,0.5395,77068800,168358952.0
9,0.5408,77155200,135693250.0
10,0.5348,77241600,187554599.0
11,0.5626,77328000,380827353.0
12,0.5728,77414400,270151559.0
13,0.5956,77500800,231500545.0
14,0.5706,77587200,126437096.0
15,0.5866,77673600,247830927.0
16,0.5839,77760000,173044465.0
17,0.5852,77846400,204818640.0
18,0.5868,77932800,222336927.0
19,0.5851,78019200,217408757.0
20,0.5976,78105600,144964801.0
21,0.5871,78192000,120373196.0
22,0.5847,78278400,161038706.0
23,0.5911,78364800,169233403.0
24,0.5831,78451200,179932001.0
25,0.5905,78537600,226481301.0
26,0.5888,78624000,222819497.0
27,0.6138,78710400,442520365.0
28,0.6412,78796800,442349596.0
29,0.6114,78883200,396654376.0
0,0.5967,78969600,579510147.0
1,0.5383,79056000,634074670.0
2,0.5217,79142400,562879573.0
3,0.534,79228800,341840613.0
4,0.5294,79315200,107009165.0
5,0.5336,79401600,90314821.0
6,0.5286,79488000,246483895.0
7,0.531,79574400,164201090.0
8,0.5245,79660800,169687079.0
9,0.5305,79747200,267008101.0
10,0.5388,79833600,196729073.0
11,0.5393,79920000,83887179.0
12,0.5321,80006400,94059459.0
13,0.5483,80092800,219397937.0
14,0.5417,80179200,283568637.0
15,0.5482,80265600,222285502.0
16,0.5441,80352000,312103613.0
17,0.5465,80438400,219767509.0
18,0.544,80524800,90144479.0
19,0.5482,80611200,117461950.0
20,0.5449,80697600,283328526.0
21,0.5339,80784000,250206589.0
22,0.5258,80870400,211146628.0
23,0.532,80956800,195840193.0
24,0.5022,81043200,350905027.0
25,0.5134,81129600,121828009.0
26,0.5168,81216000,65734998.0
27,0.5195,81302400,159504690.0
28,0.5284,81388800,220863830.0
29,0.5229,81475200,177555669.0
30,0.5095,81561600,195063825.0
0,0.5131,81648000,277144347.0
1,0.5103,81734400,68679320.0
2,0.503,81820800,176012483.0
3,0.5035,81907200,211259474.0
4,0.514,81993600,190711816.0
5,0.5418,82080000,452294069.0
6,0.5556,82166400,348528218.0
7,0.5537,82252800,261155203.0
8,0.5593,82339200,230978970.0
9,0.5884,82425600,712821995.0
10,0.6207,82512000,661084405.0
11,0.704,82598400,1776854012.0
12,0.6898,82684800,1208545721.0
13,0.7736,82771200,1349353792.0
14,0.8922,82857600,1413430891.0
15,1.1209,82944000,2373030780.0
16,1.0543,83030400,1245814358.0
17,1.1137,83116800,941344489.0
18,1.1003,83203200,562678894.0
19,1.1041,83289600,609804658.0
20,1.247,83376000,1050788977.0
21,1.4726,83462400,1597772473.98
22,1.4685,83548800,1243933645.71
23,1.4331,83635200,960628070.0
24,1.4142,83721600,912385354.0
25,1.3984,83808000,777417208.0
26,1.4696,83894400,594887636.0
27,1.5421,83980800,440541778.0
28,1.8006,84067200,1055874162.77
29,1.9513,84153600,1118556534.97
0,2.2937,84240000,1171510986.43
1,2.7245,84326400,2543716698.49
2,2.5102,84412800,1955605237.21
3,2.3574,84499200,1127878148.0
4,2.2446,84585600,1095218093.0
5,2.4257,84672000,671195786.0
6,2.6099,84758400,541326545.0
7,2.6013,84844800,456273582.0
8,2.2124,84931200,991793616.0
9,2.3709,85017600,1376683984.0
10,2.3941,85104000,696138801.0
11,2.3384,85190400,528351934.0
12,2.4217,85276800,468083967.0
13,2.4005,85363200,347447120.0
14,2.4469,85449600,275970977.0
15,2.4841,85536000,603893921.0
16,2.5673,85622400,745688394.0
17,2.3103,85708800,759860891.0
18,2.239,85795200,811210695.0
19,2.2793,85881600,1110347016.0
20,2.238,85968000,451599864.0
21,2.2031,86054400,310318499.0
22,2.2617,86140800,388820902.0
23,2.3238,86227200,249021066.0
24,2.2973,86313600,162014998.0
25,2.1559,86400000,266397920.0
26,2.1466,86486400,254236575.0
27,2.1843,86572800,106144470.0
28,2.0942,86659200,129587392.0
29,2.0587,86745600,326304793.0
30,2.0836,86832000,202867597.0
0,2.3328,1734127142400,340770274.0
1,2.4024,1734213542400,361196381.0
2,2.4547,1734299942400,233672728.0
3,2.4201,1734386342400,179793926.0
4,2.3994,1734472742400,155537860.0
5,2.42,1734559142400,194293277.0
6,2.2712,1734645542400,342477338.0
7,2.3731,1734731942400,401036029.0
8,2.2722,1734818342400,294585086.0
9,2.3414,1734904742400,248018278.0
10,2.5764,1734991142400,349172496.0
11,2.5046,1735077542400,222912333.0
12,2.5232,1735163942400,515356746.0
13,2.6673,1735250342400,397227342.0
14,3.1429,1735336742400,1062630122.23
15,3.2451,1735423142400,1110371222.2
16,3.2922,1735509542400,529933494.0
17,3.2697,1735595942400,458088944.0
18,2.9587,1735682342400,663328805.0
19,3.1053,1735768742400,838761258.0
20,3.1738,1735855142400,376423502.0
21,3.1803,1735941542400,291761274.0
22,3.1194,1736027942400,305314846.0
23,3.1009,1736114342400,232626964.0
24,3.108,1736200742400,99489857.0
25,3.0223,1736287142400,128937813.0
26,3.0552,1736373542400,660056174.0
27,3.0572,1736459942400,369470786.0
28,3.0683,1736546342400,254756655.0
29,3.1276,1736632742400,173143314.0
30,3.0361,1736719142400,162235322.0
0,2.8778,1736805542400,173601404.0
1,2.58,1736891942400,684089012.0
2,2.7001,1736978342400,1866758972.0
3,2.5274,1737064742400,621552965.0
4,2.381,1737151142400,338815093.0
5,2.325,1737237542400,322896937.0
6,2.3968,1737323942400,447487945.0
7,2.419,1737410342400,154717204.0
8,2.3928,1737496742400,204205603.0
9,2.4237,1737583142400,207257933.0
10,2.4131,1737669542400,248182176.0
11,2.4734,1737755942400,227957636.0
12,2.5599,1737842342400,212478703.0
13,2.7384,1737928742400,407541122.0
14,2.7619,1738015142400,184181907.0
15,2.7283,1738101542400,132387997.0
16,2.6599,1738187942400,212813356.0
17,2.5628,1738274342400,227170019.0
18,2.7378,1738360742400,208222691.0
19,2.6877,1738447142400,161213675.0
20,2.5721,1738533542400,257754207.0
21,2.574,1738619942400,92516652.0
22,2.5763,1738706342400,91398009.0
23,2.2783,1738792742400,351034781.0
24,2.3222,1738879142400,762421577.0
25,2.1982,1738965542400,364125565.0
26,2.1985,1739051942400,229741926.0
27,2.1453,1739138342400,463166339.0
0,2.1916,1739224742400,145588191.0
1,2.9396,1739311142400,806955619.0
2,2.3873,1739397542400,770790136.0
3,2.4543,1739483942400,569915093.0
4,2.4998,1739570342400,254905967.0
5,2.6001,1739656742400,293494998.0
6,2.3855,1739743142400,454234094.0
7,2.3261,1739829542400,119040944.0
8,2.1387,1739915942400,276711052.0
9,2.0216,1740002342400,391223631.0
10,2.1711,1740088742400,382420244.0
11,2.2396,1740175142400,277560410.0
12,2.2527,1740261542400,243896593.0
13,2.3564,1740347942400,197286469.0
14,2.3911,1740434342400,150056936.0
15,2.2938,1740520742400,151974757.0
16,2.3382,1740607142400,133923496.0
17,2.2851,1740693542400,164719299.0
18,2.5469,1740779942400,462181815.0
19,2.4361,1740866342400,225573092.0
20,2.3809,1740952742400,143033066.0
21,2.3711,1741039142400,69083565.0
22,2.4393,1741125542400,82171646.0
23,2.4501,1741211942400,140591390.0
24,2.4492,1741298342400,107306341.0
25,2.3494,1741384742400,140813082.0
26,2.341,1741471142400,121906802.0
27,2.2073,1741557542400,211389681.0
28,2.1351,1741643942400,188344703.0
29,2.1369,1741730342400,143436566.0
30,2.0899,1741816742400,225359911.0
0,2.1387,1741903142400,206149959.0
1,2.0237,1741989542400,312902782.0
2,2.0648,1742075942400,283049149.0
3,2.1302,1742162342400,249538859.0
4,2.1442,1742248742400,79039409.0
5,1.9218,1742335142400,247306320.0
6,1.8987,1742421542400,862282234.0
7,1.7963,1742507942400,331058344.0
8,2.0529,1742594342400,517714914.0
9,1.9658,1742680742400,224691548.0
10,2.0225,1742767142400,175131511.0
11,2.1598,1742853542400,161856777.0
12,2.1196,1742939942400,194098687.0
13,2.1275,1743026342400,138573013.0
14,2.0842,1743112742400,131282814.0
15,2.0834,1743199142400,152704680.0
16,2.0673,1743285542400,103280383.3
17,2.0619,1743371942400,72730873.5
18,2.0877,1743458342400,50163133.6
19,2.0787,1743544742400,77348551.3
20,2.0855,1743631142400,132502689.7
21,2.2139,1743717542400,215792646.3
22,2.2184,1743803942400,220415571.4
23,2.2049,1743890342400,184941421.4
24,2.1812,1743976742400,134014526.9
25,2.1912,1744063142400,89667472.4
26,2.252,1744149542400,176901254.6
27,2.2949,1744235942400,188782972.6
28,2.238,1744322342400,109021832.7
29,2.1908,1744408742400,169161178.8
0,2.2123,1744495142400,96594610.5
1,2.2093,1744581542400,84810475.2
2,2.1872,1744667942400,48541368.0
3,2.156,1744754342400,58758870.6
4,2.1306,1744840742400,129350396.3
5,2.155,1744927142400,110021214.0
6,2.1265,1745013542400,91759518.6
7,2.3272,1745099942400,220454318.8
8,2.3439,1745186342400,270485423.5
9,2.4711,1745272742400,173584546.1
10,2.367,1745359142400,162582479.5
11,2.5439,1745445542400,507950822.4
12,2.5829,1745531942400,230851038.9
13,2.5503,1745618342400,213599727.4
14,2.3856,1745704742400,209320078.3
15,2.3798,1745791142400,136943221.2
16,2.3531,1745877542400,105734565.8
17,2.428,1745963942400,110034544.5
18,2.3803,1746050342400,162880946.4
19,2.3565,1746136742400,136293676.8
20,2.3952,1746223142400,175070666.7
21,2.4311,1746309542400,145040194.5
22,2.2966,1746395942400,197335455.4
23,2.3303,1746482342400,50781088.2
24,2.3417,1746568742400,81478273.4
25,2.3103,1746655142400,75168770.0
26,2.3168,1746741542400,94046517.5
27,2.2742,1746827942400,99791200.4
28,2.2442,1746914342400,99100514.7
29,2.1398,1747000742400,192557829.6
30,2.1738,1747087142400,109349888.0
0,2.1792,1747173542400,62964847.7
1,2.1965,1747259942400,96478578.8
2,2.2446,1747346342400,110034231.1
3,2.2009,1747432742400,82924089.7
4,2.0936,1747519142400,152227799.7
5,2.1598,1747605542400,92539769.1
6,2.1769,1747691942400,40526697.0
7,2.267,1747778342400,115809963.6
8,2.3211,1747864742400,128620231.2
9,2.3074,1747951142400,119887307.8
10,2.2704,1748037542400,118779485.5
11,2.1899,1748123942400,98220197.3
12,2.1472,1748210342400,171924272.9
13,2.1394,1748296742400,67644610.7
14,2.1655,1748383142400,46595619.5
15,2.238,1748469542400,180775839.0
16,2.159,1748555942400,145998030.0
17,2.1705,1748642342400,95962168.0
18,2.1648,1748728742400,56149358.1
19,2.1194,1748815142400,97632569.9
20,2.0632,1748901542400,88671293.2
21,2.0172,1748987942400,206511372.5
22,2.1584,1749074342400,175076963.6
23,2.1898,1749160742400,131247333.7
24,2.1859,1749247142400,91578502.0
25,2.1054,1749333542400,120378866.1
26,2.1419,1749419942400,120577000.3
27,2.1854,1749506342400,70042779.0
28,2.2061,1749592742400,46097897.5
29,2.2362,1749679142400,151525906.2
0,2.172,1749765542400,123558690.1
1,2.2336,1749851942400,149340795.4
2,2.2569,1749938342400,148388595.0
3,2.2205,1750024742400,72289199.1
4,2.2178,1750111142400,34058390.3
5,2.2709,1750197542400,92108127.5
6,2.2708,1750283942400,176317450.7
7,2.3108,1750370342400,106456008.6
8,2.4038,1750456742400,181518399.8
9,2.5471,1750543142400,209526484.8
10,2.7322,1750629542400,615361834.0
11,2.7395,1750715942400,341517152.0
12,2.8361,1750802342400,260642506.5
13,2.9582,1750888742400,442537809.2
14,2.919,1750975142400,303965280.7
15,3.038,1751061542400,272284618.2
16,3.4814,1751147942400,648338845.19
17,3.4135,1751234342400,608722890.71
18,3.4244,1751320742400,204901034.5
19,3.454,1751407142400,281874484.3
20,3.5495,1751493542400,259730581.6
21,3.5504,1751579942400,248664612.7
22,3.1838,1751666342400,444396661.3
23,3.1453,1751752742400,366456463.4
24,3.1423,1751839142400,234280821.9
25,3.1662,1751925542400,96831223.5
26,3.2389,1752011942400,130449208.1
27,3.1235,1752098342400,221823612.3
28,3.128,1752184742400,157430969.9
29,3.0966,1752271142400,173643335.4
30,3.0224,1752357542400,135512300.3
0,2.9613,1752443942400,260984696.4
1,2.7695,1752530342400,180733656.7
2,2.948,1752616742400,149417377.8
3,3.0716,1752703142400,164651624.4
4,2.9623,1752789542400,144253297.7
5,2.9908,1752875942400,114399575.6
6,3.3197,1752962342400,212195633.1
7,3.2859,1753048742400,273926156.0
8,3.2259,1753135142400,130645790.7
9,3.187,1753221542400,123144721.1
10,3.1295,1753307942400,223589776.8
11,3.2676,1753394342400,154532178.9
12,3.2744,1753480742400,193301023.7
13,3.0792,1753567142400,301672247.6
14,3.0779,1753653542400,134927479.5
15,3.1055,1753739942400,64524770.2
16,3.0877,1753826342400,66692097.5
17,3.0616,1753912742400,163460914.2
18,2.8608,1753999142400,149185188.7
19,2.9512,1754085542400,152651462.5
20,2.8519,1754171942400,91372655.6
21,3.0744,1754258342400,255042164.6
22,3.0485,1754344742400,103250847.4
23,3.0258,1754431142400,157353334.0
24,2.8584,1754517542400,176144258.4
25,3.0123,1754603942400,160522587.8
26,2.9688,1754690342400,124270806.9
27,2.9665,1754776742400,110595938.3
28,2.8195,1754863142400,169431466.9
29,2.8181,1754949542400,68213469.6
30,2.7757,1755035942400,56440031.3
0,2.7589,1755122342400,179805399.6
1,2.862,1755208742400,134689040.5
2,2.8443,1755295142400,96774293.1
3,2.7946,1755381542400,94539630.5
4,2.8147,1755467942400,120949495.7
5,2.8098,1755554342400,31389546.6
6,2.877,1755640742400,82776839.1
7,2.9697,1755727142400,121406178.2
8,2.9474,1755813542400,116913430.2
9,2.9834,1755899942400,85328678.0
10,3.0398,1755986342400,115124443.9
11,3.1054,1756072742400,130413008.1
12,3.1193,1756159142400,112791516.9
13,3.0279,1756245542400,86444642.8
14,2.9969,1756331942400,121536076.0
15,3.0376,1756418342400,76953763.0
16,3.0841,1756504742400,132508658.4
17,3.0735,1756591142400,121098940.7
18,2.9901,1756677542400,92714638.6
19,2.975,1756763942400,62723730.0
20,2.9701,1756850342400,45668741.1
21,2.8526,1756936742400,228747192.9
22,2.8247,1757023142400,100392302.3
23,2.9257,1757109542400,125417232.6
24,2.7435,1757195942400,196421176.9
25,2.7835,1757282342400,162801304.7
26,2.8047,1757368742400,44703806.2
27,2.8674,1757455142400,65853510.0
28,2.8801,1757541542400,116473375.3
29,2.8468,1757627942400,100392419.7
0,2.9485,1757714342400,136262408.8
1,3.0389,1757800742400,147074551.6
2,3.0401,1757887142400,125739506.7
3,2.9685,1757973542400,69429980.8
4,2.9697,1758059942400,105898711.4
5,2.9883,1758146342400,117186503.0
6,2.852,1758232742400,151704976.6
7,2.8797,1758319142400,86103907.0
8,2.8021,1758405542400,110236912.9
9,2.3704,1758491942400,592833224.7
10,2.3819,1758578342400,377516588.0
11,2.5282,1758664742400,248265523.1
12,2.6052,1758751142400,215844073.7
13,2.5033,1758837542400,236417459.6
14,2.4109,1758923942400,147593411.2
15,2.328,1759010342400,196447886.3
16,2.2936,1759096742400,233638133.0
17,2.3596,1759183142400,70031265.2
18,2.3908,1759269542400,86051004.0
19,2.4948,1759355942400,132020692.3
20,2.4222,1759442342400,142161412.2
21,2.3647,1759528742400,131694103.3
22,2.3947,1759615142400,84337201.1
23,2.5103,1759701542400,112051925.0
24,2.5959,1759787942400,95829560.4
25,2.6461,1759874342400,83681116.7
26,2.634,1759960742400,113960332.0
27,2.6034,1760047142400,123712287.2
28,2.5502,1760133542400,127783090.4
29,2.4393,1760219942400,151633152.9
30,2.5097,1760306342400,115609330.7
0,2.5053,1760392742400,41551912.8
1,2.5267,1760479142400,51555957.6
2,2.3096,1760565542400,174525470.1
3,2.2053,1760651942400,346558907.5
4,2.3432,1760738342400,207833006.9
5,2.213,1760824742400,172724312.7
6,2.3154,1760911142400,178003937.3
7,2.2863,1760997542400,83656256.1
8,2.3662,1761083942400,86012398.0
9,2.526,1761170342400,197478395.3
10,2.3915,1761256742400,126538891.7
11,2.3879,1761343142400,141159795.6
12,2.3225,1761429542400,268264404.5
13,2.2443,1761515942400,220377818.6
14,2.2372,1761602342400,84473254.2
15,2.2149,1761688742400,126254506.2
16,2.1637,1761775142400,213925840.3
17,2.2172,1761861542400,188026720.7
18,2.1098,1761947942400,237660615.7
19,1.9999,1762034342400,295232267.9
20,1.9509,1762120742400,349052191.6
21,1.9509,1762207142400,92507655.6
22,2.0491,1762293542400,136024600.0
23,2.2276,1762379942400,209507520.1
24,2.2024,1762466342400,154916931.3
25,2.2233,1762552742400,110237202.3
26,2.1999,1762639142400,82691220.6
27,2.1795,1762725542400,140892868.9
28,2.2009,1762811942400,57026784.1
29,2.155,1762898342400,52482888.9
0,2.0297,1762984742400,173919553.1
1,2.1532,1763071142400,132464308.9
2,2.1976,1763157542400,111507874.4
3,2.096,1763243942400,101092517.6
4,2.0344,1763330342400,95338082.9
5,2.0309,1763416742400,43569024.8
6,2.0442,1763503142400,83786859.8
7,2.0724,1763589542400,88049790.9
8,2.1062,1763675942400,113859655.0
9,2.0418,1763762342400,125132700.4
10,2.034,1763848742400,125057005.0
11,2.0074,1763935142400,77987124.7
12,2.0227,1764021542400,44193267.1
13,1.9784,1764107942400,45148587.9
14,1.8981,1764194342400,115746358.6
15,1.9297,1764280742400,101283394.8
16,1.8627,1764367142400,111714892.8
17,1.8076,1764453542400,126981039.0
18,1.9092,1764539942400,144601510.3
19,1.9335,1764626342400,53235023.5
20,1.9223,1764712742400,53029272.9
21,1.9043,1764799142400,88731614.2
22,1.8734,1764885542400,77815693.8
23,1.8628,1764971942400,59895979.8
24,1.8326,1765058342400,46144808.4
25,1.8437,1765144742400,76825530.8
26,1.8735,1765231142400,31244471.3
27,1.8654,1765317542400,26597238.3
28,1.8508,1765403942400,70265708.5
29,1.8776,1765490342400,48337735.6
30,1.8423,1765576742400,58334893.8
